run_id,run_tag,cohort,dataset,K,arm,arm_label,target,seed,epochs,batch_size,base_lr,momentum,weight_decay,nesterov,graph_seed,lr_step,lr_gamma,kd_T,k_matchings,k_anneal,match_weight,kappa,rematch_every_epochs,recency_lambda,recency_gamma,peel_weighting,graph,label_noise_rate,actual_noise_rate,noise_seed,split_seed,n_train,n_valid,n_test,cohort_params,epoch,lr,k_current,epoch_seconds,avg_test_acc,std_test_acc,min_test_acc,max_test_acc,ensemble_test_acc,ens_minus_avg_test,avg_val_acc,ensemble_val_acc,disagreement_val,rho_val,disagreement_test,rho_test,avg_test_acc_resnet32,model_00_arch,model_00_test_acc,model_00_val_acc,model_00_train_loss,model_00_ce_loss,model_00_kd_loss,model_01_arch,model_01_test_acc,model_01_val_acc,model_01_train_loss,model_01_ce_loss,model_01_kd_loss,model_02_arch,model_02_test_acc,model_02_val_acc,model_02_train_loss,model_02_ce_loss,model_02_kd_loss,model_03_arch,model_03_test_acc,model_03_val_acc,model_03_train_loss,model_03_ce_loss,model_03_kd_loss,model_04_arch,model_04_test_acc,model_04_val_acc,model_04_train_loss,model_04_ce_loss,model_04_kd_loss,model_05_arch,model_05_test_acc,model_05_val_acc,model_05_train_loss,model_05_ce_loss,model_05_kd_loss,model_06_arch,model_06_test_acc,model_06_val_acc,model_06_train_loss,model_06_ce_loss,model_06_kd_loss,model_07_arch,model_07_test_acc,model_07_val_acc,model_07_train_loss,model_07_ce_loss,model_07_kd_loss,comm_logit_floats_epoch,comm_matcher_ints_epoch,comm_bytes_epoch,comm_bytes_cum,comm_bytes_cum_cohort
resnet32x8_cifar100_K8_mwmd3_seed0001_d001,d001,resnet32:8,cifar100,8,matched,mwmd3,peers,1,200,64,0.1,0.9,0.0005,True,0,60,0.1,1.0,3,,disagreement,1.0,1,0.0,0.5,weight,complete,0.0,0.0,42,0,45000,5000,10000,3760032,0,0.1,3,134.5,0.049624999999999996,0.010379517088959388,0.0401,0.071,0.0616,0.011975000000000006,0.0529,0.0626,0.7167500000000001,0.4299628782077569,0.7222214285714286,0.42074044744911365,0.049624999999999996,resnet32,0.0402,0.0402,4.670132945884358,4.550072007558563,0.12006093976246617,resnet32,0.0401,0.0498,4.628134237094359,4.520663990215822,0.10747024994568412,resnet32,0.0405,0.0446,4.613267053257335,4.504532665014267,0.10873439315632409,resnet32,0.071,0.0732,4.487576385113326,4.367139397697016,0.12043698475727896,resnet32,0.0521,0.0524,4.562257024374875,4.463442642580379,0.09881437955746977,resnet32,0.0516,0.0558,4.538552233102647,4.433447516438636,0.1051047163934775,resnet32,0.0427,0.044,4.624706699766896,4.522110446271571,0.10259624955903167,resnet32,0.0588,0.0632,4.530506302687255,4.437335829504511,0.09317046843617308,13500000.0,5000.0,54010000.0,54010000.0,432080000.0
resnet32x8_cifar100_K8_mwmd3_seed0001_d001,d001,resnet32:8,cifar100,8,matched,mwmd3,peers,1,200,64,0.1,0.9,0.0005,True,0,60,0.1,1.0,3,,disagreement,1.0,1,0.0,0.5,weight,complete,0.0,0.0,42,0,45000,5000,10000,3760032,1,0.1,3,126.16,0.110575,0.010959670387379357,0.0926,0.1253,0.1179,0.007324999999999998,0.111325,0.1188,0.5613357142857144,0.5730420960706477,0.5698214285714285,0.5612435949731648,0.110575,resnet32,0.118,0.1118,3.9736952050165697,3.896642063490369,0.07705314989752052,resnet32,0.1137,0.118,3.951059217818759,3.87915849076076,0.07190072983609173,resnet32,0.0939,0.0992,4.015211959454146,3.9292474551634355,0.08596450752388178,resnet32,0.1253,0.1228,3.877822620624846,3.791934187100692,0.08588843243937432,resnet32,0.1108,0.11,3.9436297565698624,3.8655703629959715,0.07805939209224148,resnet32,0.1109,0.111,3.926610936156728,3.8408885171467606,0.08572242422219874,resnet32,0.0926,0.0918,4.01232848180966,3.928503458811478,0.08382502165940506,resnet32,0.1194,0.126,3.9167044440453704,3.848107485947284,0.06859696182337674,13500000.0,5000.0,54010000.0,108020000.0,864160000.0
resnet32x8_cifar100_K8_mwmd3_seed0001_d001,d001,resnet32:8,cifar100,8,matched,mwmd3,peers,1,200,64,0.1,0.9,0.0005,True,0,60,0.1,1.0,3,,disagreement,1.0,1,0.0,0.5,weight,complete,0.0,0.0,42,0,45000,5000,10000,3760032,2,0.1,3,125.89,0.19815,0.01539058153547162,0.1728,0.223,0.2244,0.026249999999999996,0.197075,0.2186,0.5271714285714285,0.5906344092421385,0.5405142857142857,0.5863286811783762,0.19815,resnet32,0.1946,0.194,3.5462137562307445,3.4362802051685075,0.10993355430069972,resnet32,0.2027,0.203,3.5041398873383347,3.400641357356852,0.10349852876441384,resnet32,0.1728,0.174,3.5949772840196434,3.4737958295101468,0.1211814568060535,resnet32,0.223,0.2208,3.4571944051845507,3.33717374198816,0.12002066074108536,resnet32,0.2016,0.1948,3.5332784964279695,3.4210109294138173,0.11226756965995512,resnet32,0.1989,0.1942,3.4900975725190206,3.3771293837238443,0.11296818655153568,resnet32,0.1788,0.1782,3.5518689511174504,3.4409173059869897,0.11095164986115626,resnet32,0.2128,0.2176,3.4960480488159438,3.3910351134836674,0.10501292923634703,13500000.0,5000.0,54010000.0,162030000.0,1296240000.0
resnet32x8_cifar100_K8_mwmd3_seed0001_d001,d001,resnet32:8,cifar100,8,matched,mwmd3,peers,1,200,64,0.1,0.9,0.0005,True,0,60,0.1,1.0,3,,disagreement,1.0,1,0.0,0.5,weight,complete,0.0,0.0,42,0,45000,5000,10000,3760032,3,0.1,3,126.22,0.24005,0.006526292975342123,0.2252,0.246,0.2708,0.030749999999999972,0.23729999999999998,0.2614,0.5296857142857142,0.6103046518969284,0.5298250000000001,0.6152539331745038,0.24005,resnet32,0.2252,0.2228,3.203490520065481,3.0585045763714747,0.1449859447205778,resnet32,0.2443,0.2372,3.197825374589725,3.0546816980296914,0.14314367703627795,resnet32,0.2391,0.2286,3.2554066076197405,3.09694902734323,0.15845757710154762,resnet32,0.2442,0.2394,3.1175051121549173,2.96296426653862,0.15454084125601433,resnet32,0.2419,0.2434,3.2183108983392064,3.0680022727359426,0.15030862044924023,resnet32,0.2351,0.242,3.148746753280813,2.998902539637956,0.14984421851113439,resnet32,0.2446,0.2404,3.197480009022084,3.0535741597414017,0.14390585138674147,resnet32,0.246,0.2446,3.182155929167162,3.02989111603661,0.15226481810466133,13500000.0,5000.0,54010000.0,216040000.0,1728320000.0
resnet32x8_cifar100_K8_mwmd3_seed0001_d001,d001,resnet32:8,cifar100,8,matched,mwmd3,peers,1,200,64,0.1,0.9,0.0005,True,0,60,0.1,1.0,3,,disagreement,1.0,1,0.0,0.5,weight,complete,0.0,0.0,42,0,45000,5000,10000,3760032,4,0.1,3,121.81,0.27771250000000003,0.014918816767760102,0.249,0.3049,0.3099,0.03218749999999998,0.2726,0.302,0.48907857142857153,0.6197235759178417,0.4891607142857143,0.6329328148713713,0.27771250000000003,resnet32,0.2866,0.2754,2.9541351720690727,2.781495348296382,0.17263982493684374,resnet32,0.2745,0.275,2.9509555108167906,2.7755182876505633,0.17543722413988275,resnet32,0.249,0.245,3.005148449743336,2.825027996504849,0.1801204546354711,resnet32,0.3049,0.2964,2.8830789598551663,2.6975932520898906,0.18548571292988278,resnet32,0.2679,0.2636,2.967477612197399,2.7883829054507343,0.17909470949829978,resnet32,0.2792,0.2738,2.9098947170105847,2.7266928394409744,0.1832018787972629,resnet32,0.283,0.2742,2.943245853212747,2.7633768116885964,0.1798690473872491,resnet32,0.2766,0.2774,2.9273883148350497,2.753862677650018,0.17352563595737924,13500000.0,5000.0,54010000.0,270050000.0,2160400000.0
resnet32x8_cifar100_K8_mwmd3_seed0001_d001,d001,resnet32:8,cifar100,8,matched,mwmd3,peers,1,200,64,0.1,0.9,0.0005,True,0,60,0.1,1.0,3,,disagreement,1.0,1,0.0,0.5,weight,complete,0.0,0.0,42,0,45000,5000,10000,3760032,5,0.1,3,121.79,0.3046,0.013982489048806725,0.2811,0.3249,0.3493,0.04470000000000002,0.296025,0.336,0.5189785714285714,0.5963273770746741,0.5217821428571429,0.599342264466893,0.3046,resnet32,0.2871,0.2742,2.7930455583740366,2.6027679937806996,0.1902775613337078,resnet32,0.3057,0.3002,2.7954180613160133,2.6057612746953964,0.18965678772127087,resnet32,0.2811,0.27,2.85402357747609,2.6476082273504953,0.20641534822061658,resnet32,0.3249,0.3168,2.714249776168303,2.512090587141839,0.20215918591500007,resnet32,0.3013,0.2902,2.8107848140326412,2.6113135157661005,0.19947129794904453,resnet32,0.3175,0.309,2.739819812842391,2.5397211072797123,0.2000987105579539,resnet32,0.3153,0.3104,2.7748637724329126,2.5746652304448863,0.2001985408450392,resnet32,0.3039,0.2974,2.754185314882885,2.560540585693988,0.19364473164420237,13500000.0,5000.0,54010000.0,324060000.0,2592480000.0
resnet32x8_cifar100_K8_mwmd3_seed0001_d001,d001,resnet32:8,cifar100,8,matched,mwmd3,peers,1,200,64,0.1,0.9,0.0005,True,0,60,0.1,1.0,3,,disagreement,1.0,1,0.0,0.5,weight,complete,0.0,0.0,42,0,45000,5000,10000,3760032,6,0.1,3,121.87,0.2798,0.030037601435534095,0.2101,0.3076,0.3085,0.028700000000000003,0.27664999999999995,0.3022,0.48881428571428576,0.6301937050817566,0.4934857142857144,0.6304806601666918,0.2798,resnet32,0.3063,0.301,2.687421915883368,2.4734494477849114,0.21397246718830007,resnet32,0.3076,0.302,2.697102900594473,2.4832604683258315,0.21384243427945132,resnet32,0.2101,0.2126,2.7162145555696706,2.4960197755558924,0.22019478128376332,resnet32,0.2865,0.2836,2.606989540498365,2.379713438789953,0.22727610033259474,resnet32,0.3033,0.2976,2.710841942917217,2.4869978715750305,0.22384407362816008,resnet32,0.2855,0.2758,2.6208573200485925,2.4001637426289646,0.22069357547231697,resnet32,0.2648,0.269,2.654610548168421,2.440085255964236,0.2145252920348536,resnet32,0.2743,0.2716,2.6370373588394034,2.4276558467271654,0.20938151177357545,13500000.0,5000.0,54010000.0,378070000.0,3024560000.0
resnet32x8_cifar100_K8_mwmd3_seed0001_d001,d001,resnet32:8,cifar100,8,matched,mwmd3,peers,1,200,64,0.1,0.9,0.0005,True,0,60,0.1,1.0,3,,disagreement,1.0,1,0.0,0.5,weight,complete,0.0,0.0,42,0,45000,5000,10000,3760032,7,0.1,3,121.8,0.35331250000000003,0.01293913033205864,0.3257,0.3712,0.4031,0.049787499999999985,0.337625,0.3844,0.5093785714285716,0.5950291250604527,0.5015821428571429,0.6073915035214188,0.35331250000000003,resnet32,0.3595,0.3444,2.5929160453379154,2.3615792866118928,0.2313367633614689,resnet32,0.3712,0.3576,2.6220537065105005,2.383503974669359,0.23854973548176614,resnet32,0.3257,0.3094,2.6323095993562178,2.400096857581626,0.23221273874779316,resnet32,0.3636,0.3426,2.4986461731181904,2.2673470129004936,0.23129915816455401,resnet32,0.3473,0.3358,2.6258652792735533,2.3904923849146473,0.23537289598872038,resnet32,0.3498,0.3344,2.512026382779533,2.28329279222949,0.22873359186236153,resnet32,0.3602,0.3394,2.567582231014967,2.33713654614985,0.23044568772258406,resnet32,0.3492,0.3374,2.556945591487668,2.3253622097386555,0.231583382087675,13500000.0,5000.0,54010000.0,432080000.0,3456640000.0
resnet32x8_cifar100_K8_mwmd3_seed0001_d001,d001,resnet32:8,cifar100,8,matched,mwmd3,peers,1,200,64,0.1,0.9,0.0005,True,0,60,0.1,1.0,3,,disagreement,1.0,1,0.0,0.5,weight,complete,0.0,0.0,42,0,45000,5000,10000,3760032,8,0.1,3,121.81,0.35455000000000003,0.014705611173970286,0.335,0.3817,0.3953,0.04074999999999995,0.348475,0.3894,0.4775142857142857,0.6043490830182271,0.47656428571428583,0.6061716598426408,0.35455000000000003,resnet32,0.3416,0.3372,2.521672902459448,2.2792306318879128,0.24244226892055434,resnet32,0.3514,0.3458,2.527852651239796,2.2829508044841615,0.24490184379233557,resnet32,0.335,0.3338,2.553995730694045,2.305734658952464,0.24826107390055602,resnet32,0.342,0.3352,2.4257088748907503,2.184336768801917,0.2413721077398143,resnet32,0.357,0.3514,2.5543633843348785,2.3009638977660374,0.25339948684400454,resnet32,0.3817,0.3674,2.455499787052924,2.200284766033292,0.25521502349610353,resnet32,0.3708,0.3596,2.4853999052535403,2.241220790215514,0.24417911270972004,resnet32,0.3569,0.3574,2.48242486031218,2.2387680689042266,0.24365679272027177,13500000.0,5000.0,54010000.0,486090000.0,3888720000.0
resnet32x8_cifar100_K8_mwmd3_seed0001_d001,d001,resnet32:8,cifar100,8,matched,mwmd3,peers,1,200,64,0.1,0.9,0.0005,True,0,60,0.1,1.0,3,,disagreement,1.0,1,0.0,0.5,weight,complete,0.0,0.0,42,0,45000,5000,10000,3760032,9,0.1,3,122.89,0.3244,0.04559103530300666,0.2689,0.3832,0.3742,0.049799999999999955,0.324025,0.375,0.5325428571428572,0.5598285792154355,0.5286642857142857,0.5713280073760432,0.3244,resnet32,0.3036,0.3004,2.4608442808755417,2.213163422928615,0.24768085483546284,resnet32,0.2689,0.2702,2.461329509927468,2.214502055536617,0.2468274555126713,resnet32,0.2818,0.287,2.4844314232468605,2.227996453642845,0.25643497229215095,resnet32,0.3832,0.384,2.3744066758927973,2.1257240630008956,0.24868261352689428,resnet32,0.3747,0.3694,2.478806121952154,2.2239740065891636,0.25483211737380107,resnet32,0.318,0.3168,2.401645825667815,2.1447374405847355,0.25690838472325017,resnet32,0.2818,0.279,2.4242453419349412,2.1772163073447617,0.24702902995473283,resnet32,0.3832,0.3854,2.4230398388410155,2.178266941654411,0.24477290169505234,13500000.0,5000.0,54010000.0,540100000.0,4320800000.0
resnet32x8_cifar100_K8_mwmd3_seed0001_d001,d001,resnet32:8,cifar100,8,matched,mwmd3,peers,1,200,64,0.1,0.9,0.0005,True,0,60,0.1,1.0,3,,disagreement,1.0,1,0.0,0.5,weight,complete,0.0,0.0,42,0,45000,5000,10000,3760032,10,0.1,3,121.82,0.3220875,0.025597970500608053,0.2899,0.3665,0.371,0.04891249999999997,0.31915,0.3692,0.534,0.587559601754048,0.5373321428571429,0.5878654131341785,0.3220875,resnet32,0.3072,0.3032,2.414289474656636,2.1551276409829203,0.2591618379916657,resnet32,0.3074,0.2978,2.402398934926499,2.1475540839812974,0.25484485024670983,resnet32,0.3102,0.3042,2.4229431446980345,2.1642337659881874,0.25870938158848067,resnet32,0.2899,0.301,2.3361772546036677,2.0779117054559966,0.25826554980383,resnet32,0.3665,0.3682,2.411206951872869,2.150323123586449,0.2608838244552978,resnet32,0.3504,0.346,2.3515833795747976,2.092618530446833,0.2589648465033282,resnet32,0.3432,0.3382,2.366844115778804,2.1136315776543184,0.25321253905580804,resnet32,0.3019,0.2946,2.368989632888274,2.113674968142401,0.2553146621212363,13500000.0,5000.0,54010000.0,594110000.0,4752880000.0
resnet32x8_cifar100_K8_mwmd3_seed0001_d001,d001,resnet32:8,cifar100,8,matched,mwmd3,peers,1,200,64,0.1,0.9,0.0005,True,0,60,0.1,1.0,3,,disagreement,1.0,1,0.0,0.5,weight,complete,0.0,0.0,42,0,45000,5000,10000,3760032,11,0.1,3,122.17,0.3787625,0.027031275289005514,0.3291,0.4067,0.4321,0.05333749999999998,0.374675,0.4322,0.49476428571428566,0.6017973765934,0.49725357142857146,0.6023369813836832,0.3787625,resnet32,0.3669,0.36,2.374850754202767,2.1139385190538387,0.260912234979597,resnet32,0.3991,0.396,2.3537676810202273,2.0939125396649945,0.2598551401699131,resnet32,0.373,0.3704,2.3881245727904816,2.1216056016697125,0.2665189699354497,resnet32,0.4067,0.402,2.301736665550958,2.0412051914767786,0.26053147115321323,resnet32,0.4025,0.3874,2.374357360669158,2.1086228867484764,0.26573446907357057,resnet32,0.4032,0.3986,2.314550295980139,2.0528115443885326,0.26173875328492036,resnet32,0.3291,0.3302,2.338540722023357,2.0802709235047754,0.25826979928057303,resnet32,0.3496,0.3528,2.337500523267822,2.0768276446244935,0.2606728795746511,13500000.0,5000.0,54010000.0,648120000.0,5184960000.0
resnet32x8_cifar100_K8_mwmd3_seed0001_d001,d001,resnet32:8,cifar100,8,matched,mwmd3,peers,1,200,64,0.1,0.9,0.0005,True,0,60,0.1,1.0,3,,disagreement,1.0,1,0.0,0.5,weight,complete,0.0,0.0,42,0,45000,5000,10000,3760032,12,0.1,3,121.83,0.3848625,0.04958280794539574,0.262,0.4321,0.454,0.06913750000000002,0.373675,0.4434,0.537342857142857,0.544445857915615,0.53205,0.5514924719022728,0.3848625,resnet32,0.4145,0.401,2.338585292412476,2.0720462534915316,0.2665390359153124,resnet32,0.4321,0.424,2.317803006280552,2.0569611356001007,0.26084187370724976,resnet32,0.262,0.2546,2.356445757841522,2.084115343337709,0.272330412810499,resnet32,0.4017,0.3834,2.2647390490905805,2.006998748433861,0.25774030768397177,resnet32,0.4089,0.4024,2.3329577283425764,2.0669223716990515,0.2660353612366386,resnet32,0.3669,0.3498,2.2760366639969023,2.0108982968059452,0.26513836410065944,resnet32,0.3939,0.383,2.3062003952535717,2.03766422921961,0.2685361685315994,resnet32,0.3989,0.3912,2.3019447905773465,2.0409587410024623,0.2609860519666902,13500000.0,5000.0,54010000.0,702130000.0,5617040000.0
resnet32x8_cifar100_K8_mwmd3_seed0001_d001,d001,resnet32:8,cifar100,8,matched,mwmd3,peers,1,200,64,0.1,0.9,0.0005,True,0,60,0.1,1.0,3,,disagreement,1.0,1,0.0,0.5,weight,complete,0.0,0.0,42,0,45000,5000,10000,3760032,13,0.1,3,121.86,0.35455000000000003,0.04929421872796039,0.2568,0.4182,0.4223,0.06774999999999998,0.3472,0.408,0.5683714285714286,0.5372973454022573,0.5659464285714285,0.5335522174509512,0.35455000000000003,resnet32,0.336,0.3328,2.3059917578304354,2.0325411166995764,0.27345064419999043,resnet32,0.3189,0.317,2.2948339845646513,2.0285348861732264,0.2662990990264172,resnet32,0.3586,0.3464,2.321842534806241,2.0457965711301025,0.27604596179232677,resnet32,0.4174,0.4074,2.2443874324248596,1.9796271060000767,0.26476032504896546,resnet32,0.4182,0.4112,2.314850450916724,2.039515237577937,0.27533521346578543,resnet32,0.2568,0.2518,2.25553751449016,1.9886620342731476,0.26687548078850587,resnet32,0.3686,0.363,2.2769289663569494,2.0064737642691894,0.2704552003097805,resnet32,0.3619,0.348,2.270442112264308,2.005025990307331,0.26541611937467346,13500000.0,5000.0,54010000.0,756140000.0,6049120000.0
resnet32x8_cifar100_K8_mwmd3_seed0001_d001,d001,resnet32:8,cifar100,8,matched,mwmd3,peers,1,200,64,0.1,0.9,0.0005,True,0,60,0.1,1.0,3,,disagreement,1.0,1,0.0,0.5,weight,complete,0.0,0.0,42,0,45000,5000,10000,3760032,14,0.1,3,122.02,0.3440875,0.020141340415920687,0.3079,0.3723,0.3834,0.03931250000000003,0.3442,0.3902,0.5094428571428571,0.589918605408019,0.5115392857142858,0.5874908265167005,0.3440875,resnet32,0.3449,0.3444,2.2738471048122104,1.999564078721133,0.2742830214132978,resnet32,0.3723,0.3728,2.261428824710575,1.9948666693473405,0.26656215578656306,resnet32,0.3224,0.3214,2.291842405768958,2.014634322883053,0.2772080820815807,resnet32,0.3328,0.3362,2.2197007579220966,1.9505097940564156,0.2691909646700052,resnet32,0.3558,0.357,2.279989760199731,2.007526029578664,0.27246373165822163,resnet32,0.3079,0.2968,2.2323295844888147,1.9579513000155038,0.2743782849178057,resnet32,0.3579,0.3634,2.254253563555804,1.9829433162442662,0.27131024980917573,resnet32,0.3587,0.3616,2.240538700568405,1.9740225120701573,0.2665161878420887,13500000.0,5000.0,54010000.0,810150000.0,6481200000.0
resnet32x8_cifar100_K8_mwmd3_seed0001_d001,d001,resnet32:8,cifar100,8,matched,mwmd3,peers,1,200,64,0.1,0.9,0.0005,True,0,60,0.1,1.0,3,,disagreement,1.0,1,0.0,0.5,weight,complete,0.0,0.0,42,0,45000,5000,10000,3760032,15,0.1,3,121.83,0.4126875,0.01179877509532239,0.3983,0.432,0.4725,0.05981249999999999,0.40265,0.4558,0.4828642857142858,0.5898502056161442,0.48331071428571437,0.5956713165347967,0.4126875,resnet32,0.4276,0.4222,2.2678991322490303,1.990693358365785,0.277205772168765,resnet32,0.432,0.422,2.2501375038515437,1.9737168094989928,0.2764206891244447,resnet32,0.3983,0.3822,2.2779228269037874,1.9990783020515333,0.27884452864104375,resnet32,0.4027,0.392,2.2122222588143567,1.9382467671212824,0.2739754902960902,resnet32,0.4081,0.4044,2.262809409675273,1.9835252219980413,0.2792841880370609,resnet32,0.4,0.3894,2.2221130036156285,1.947136932814663,0.2749760704411363,resnet32,0.4154,0.411,2.2398723917589947,1.9634756102142008,0.27639677991497924,resnet32,0.4174,0.398,2.2370740734040737,1.9631775202737614,0.2738965551199561,13500000.0,5000.0,54010000.0,864160000.0,6913280000.0
resnet32x8_cifar100_K8_mwmd3_seed0001_d001,d001,resnet32:8,cifar100,8,matched,mwmd3,peers,1,200,64,0.1,0.9,0.0005,True,0,60,0.1,1.0,3,,disagreement,1.0,1,0.0,0.5,weight,complete,0.0,0.0,42,0,45000,5000,10000,3760032,16,0.1,3,121.75,0.3813875,0.031494381939482466,0.3325,0.4154,0.4369,0.05551250000000002,0.379625,0.4368,0.4978642857142857,0.5881527813790479,0.5031285714285715,0.5936101061170157,0.3813875,resnet32,0.3807,0.3796,2.2393206882883203,1.9604812161150305,0.27883947390893643,resnet32,0.3528,0.3548,2.2328742690045726,1.9565541712059216,0.2763200945178555,resnet32,0.3325,0.3388,2.26217242364179,1.9792364155027,0.2829360094514083,resnet32,0.4033,0.3948,2.18944338709116,1.9136232640594244,0.27582012451338495,resnet32,0.4088,0.3994,2.248996366323395,1.967550981620496,0.2814453817184337,resnet32,0.4154,0.4174,2.2014535663818773,1.9243066698651423,0.27714689573357726,resnet32,0.3447,0.3476,2.214217994531447,1.935926716266708,0.27829128105870704,resnet32,0.4129,0.4046,2.2147121023048055,1.9408923275768757,0.27381977889771486,13500000.0,5000.0,54010000.0,918170000.0,7345360000.0
resnet32x8_cifar100_K8_mwmd3_seed0001_d001,d001,resnet32:8,cifar100,8,matched,mwmd3,peers,1,200,64,0.1,0.9,0.0005,True,0,60,0.1,1.0,3,,disagreement,1.0,1,0.0,0.5,weight,complete,0.0,0.0,42,0,45000,5000,10000,3760032,17,0.1,3,121.78,0.401925,0.02184117384665943,0.3534,0.4311,0.4675,0.06557500000000005,0.398525,0.469,0.5033285714285715,0.5632550266584836,0.49992500000000006,0.5746616172145762,0.401925,resnet32,0.4311,0.4274,2.227035215124488,1.9494628543880852,0.2775723585350947,resnet32,0.4204,0.4136,2.2157631059261886,1.9388011624528603,0.2769619423515079,resnet32,0.3534,0.3466,2.239786480638114,1.960392390801148,0.27939409081062133,resnet32,0.3935,0.392,2.181006461720575,1.9079701548272914,0.2730363083326004,resnet32,0.405,0.402,2.2211939670484173,1.9453865884041244,0.2758073793851178,resnet32,0.4112,0.4056,2.1912897137755696,1.91720156066797,0.27408814955164085,resnet32,0.4074,0.4128,2.2033796911551193,1.926436066966165,0.2769436238502914,resnet32,0.3934,0.3882,2.205176600001075,1.928736579858444,0.2764400172851641,13500000.0,5000.0,54010000.0,972180000.0,7777440000.0
resnet32x8_cifar100_K8_mwmd3_seed0001_d001,d001,resnet32:8,cifar100,8,matched,mwmd3,peers,1,200,64,0.1,0.9,0.0005,True,0,60,0.1,1.0,3,,disagreement,1.0,1,0.0,0.5,weight,complete,0.0,0.0,42,0,45000,5000,10000,3760032,18,0.1,3,121.93,0.3776,0.04100384128347001,0.3133,0.423,0.4304,0.052800000000000014,0.36824999999999997,0.4152,0.50045,0.5610810072016128,0.4970964285714285,0.5684888035203237,0.3776,resnet32,0.423,0.41,2.2175090842964975,1.9391237722540444,0.2783853096506474,resnet32,0.3133,0.3108,2.2112792307002977,1.9338535461574793,0.2774256822145121,resnet32,0.4034,0.3946,2.2372527462853626,1.9537391611798243,0.2835135907569731,resnet32,0.3802,0.37,2.171712450683117,1.8932326596907594,0.27847979065369477,resnet32,0.3197,0.3092,2.219850681552833,1.9375863935459743,0.2822642873295329,resnet32,0.4223,0.4104,2.1862761092118244,1.9069162727418272,0.27935983130539005,resnet32,0.3547,0.3462,2.1985236311500724,1.917572408406572,0.28095122007653117,resnet32,0.4042,0.3948,2.1981004385108296,1.9226800845089285,0.2754203541288999,13500000.0,5000.0,54010000.0,1026190000.0,8209520000.0
resnet32x8_cifar100_K8_mwmd3_seed0001_d001,d001,resnet32:8,cifar100,8,matched,mwmd3,peers,1,200,64,0.1,0.9,0.0005,True,0,60,0.1,1.0,3,,disagreement,1.0,1,0.0,0.5,weight,complete,0.0,0.0,42,0,45000,5000,10000,3760032,19,0.1,3,121.88,0.4255375,0.016166627469883753,0.3931,0.4452,0.4849,0.059362499999999985,0.42227499999999996,0.4776,0.4689857142857143,0.58167324026969,0.4681678571428572,0.5874335974525909,0.4255375,resnet32,0.4378,0.4348,2.207955826073885,1.927444615824656,0.2805112076669254,resnet32,0.4352,0.4322,2.2009575370360506,1.9190234951674938,0.281934041085399,resnet32,0.3931,0.3916,2.228584812276743,1.9406842149116776,0.28790059677240526,resnet32,0.411,0.4048,2.164950129660693,1.8828480973501096,0.282102035951208,resnet32,0.4189,0.4188,2.2168927348472853,1.9323561599647456,0.28453657526353543,resnet32,0.4252,0.4196,2.17374643615701,1.8937764526768164,0.2799699805168943,resnet32,0.4379,0.4382,2.191750790585171,1.9080075086517767,0.2837432817852294,resnet32,0.4452,0.4382,2.185202958062291,1.9072345364838839,0.2779684229118919,13500000.0,5000.0,54010000.0,1080200000.0,8641600000.0
resnet32x8_cifar100_K8_mwmd3_seed0001_d001,d001,resnet32:8,cifar100,8,matched,mwmd3,peers,1,200,64,0.1,0.9,0.0005,True,0,60,0.1,1.0,3,,disagreement,1.0,1,0.0,0.5,weight,complete,0.0,0.0,42,0,45000,5000,10000,3760032,20,0.1,3,121.87,0.3794,0.014693961344715718,0.3526,0.3928,0.4303,0.0509,0.37060000000000004,0.4176,0.4759571428571428,0.6088702680799981,0.47876785714285713,0.6020019808152793,0.3794,resnet32,0.377,0.3722,2.1957362697205762,1.913683208213611,0.28205305989831686,resnet32,0.3928,0.3874,2.18793286501684,1.9030732338062741,0.2848596322265538,resnet32,0.3877,0.3788,2.2213835526596415,1.9342740024016662,0.28710955231111834,resnet32,0.3526,0.3368,2.1583323539658026,1.8782301055775448,0.28010224868458783,resnet32,0.3911,0.3804,2.205673154274171,1.9200189083137296,0.2856542482887479,resnet32,0.3882,0.3776,2.164008107375015,1.8789943035014651,0.2850138029210608,resnet32,0.3578,0.3568,2.177086583592675,1.891941879621961,0.285144702616063,resnet32,0.388,0.3748,2.1717698260803115,1.8921663266691295,0.27960350093516434,13500000.0,5000.0,54010000.0,1134210000.0,9073680000.0
resnet32x8_cifar100_K8_mwmd3_seed0001_d001,d001,resnet32:8,cifar100,8,matched,mwmd3,peers,1,200,64,0.1,0.9,0.0005,True,0,60,0.1,1.0,3,,disagreement,1.0,1,0.0,0.5,weight,complete,0.0,0.0,42,0,45000,5000,10000,3760032,21,0.1,3,122.16,0.38863749999999997,0.025638249623365472,0.352,0.4478,0.4478,0.05916250000000001,0.384325,0.4436,0.5035642857142857,0.5556431951314244,0.49393928571428564,0.5699238333353295,0.38863749999999997,resnet32,0.3872,0.3814,2.1897183815864,1.9028102891011671,0.2869080978403376,resnet32,0.3754,0.3708,2.1809652149677277,1.8958825167607178,0.2850826983763413,resnet32,0.352,0.3426,2.207877132364295,1.9174326040189376,0.2904445272447033,resnet32,0.3744,0.3768,2.148192401298068,1.8656313788484444,0.2825610203753141,resnet32,0.4478,0.4398,2.1838221538134595,1.8973505925387144,0.2864715571049601,resnet32,0.3869,0.3796,2.1499843707477506,1.8697452694177628,0.28023910511877725,resnet32,0.3928,0.3966,2.1645723899657074,1.8805240834639831,0.28404830576089973,resnet32,0.3926,0.387,2.162281878461892,1.879386094822125,0.28289578340693633,13500000.0,5000.0,54010000.0,1188220000.0,9505760000.0
resnet32x8_cifar100_K8_mwmd3_seed0001_d001,d001,resnet32:8,cifar100,8,matched,mwmd3,peers,1,200,64,0.1,0.9,0.0005,True,0,60,0.1,1.0,3,,disagreement,1.0,1,0.0,0.5,weight,complete,0.0,0.0,42,0,45000,5000,10000,3760032,22,0.1,3,122.3,0.4079625,0.025794618503672432,0.358,0.4426,0.4672,0.0592375,0.40549999999999997,0.465,0.49016428571428566,0.5906256903613399,0.4933214285714285,0.5875436089886615,0.4079625,resnet32,0.3761,0.3744,2.1840897276997566,1.9008968391201713,0.2831928926858712,resnet32,0.4175,0.4104,2.1730001472275364,1.887539785524661,0.28546035776592116,resnet32,0.358,0.3606,2.1983640673147007,1.9113972378386692,0.28696683032268827,resnet32,0.4234,0.4222,2.1446058357303794,1.8595961694690315,0.2850096628535539,resnet32,0.4146,0.4058,2.1797129100357946,1.8937223824587734,0.2859905288258398,resnet32,0.4081,0.4134,2.1525560971349478,1.8663324764506384,0.28622362443076615,resnet32,0.4426,0.435,2.163634368133816,1.8810912328348919,0.28254313502376055,resnet32,0.4234,0.4222,2.156437876549634,1.8722925831309774,0.28414529540830036,13500000.0,5000.0,54010000.0,1242230000.0,9937840000.0
resnet32x8_cifar100_K8_mwmd3_seed0001_d001,d001,resnet32:8,cifar100,8,matched,mwmd3,peers,1,200,64,0.1,0.9,0.0005,True,0,60,0.1,1.0,3,,disagreement,1.0,1,0.0,0.5,weight,complete,0.0,0.0,42,0,45000,5000,10000,3760032,23,0.1,3,122.8,0.429425,0.01465543841036495,0.4127,0.4544,0.4878,0.05837500000000001,0.4205,0.4804,0.4697142857142857,0.5883718504372979,0.46837142857142855,0.5937029766537398,0.429425,resnet32,0.4428,0.4356,2.160756329074502,1.8795829615132376,0.28117336648177693,resnet32,0.4544,0.4512,2.166568805209615,1.8819529839198699,0.2846158205489205,resnet32,0.4236,0.419,2.188194093209776,1.8975226819853892,0.2906714091077447,resnet32,0.4248,0.415,2.1329364620826463,1.846218640492721,0.2867178223307498,resnet32,0.415,0.4002,2.169527931138873,1.8846925422549248,0.28483538776212797,resnet32,0.4127,0.4052,2.1439800340343607,1.855687147175724,0.28829288929277525,resnet32,0.4175,0.4036,2.150335651060397,1.8637943012131886,0.2865413525988432,resnet32,0.4446,0.4342,2.1489561477845367,1.8660745312544433,0.2828816159797663,13500000.0,5000.0,54010000.0,1296240000.0,10369920000.0
resnet32x8_cifar100_K8_mwmd3_seed0001_d001,d001,resnet32:8,cifar100,8,matched,mwmd3,peers,1,200,64,0.1,0.9,0.0005,True,0,60,0.1,1.0,3,,disagreement,1.0,1,0.0,0.5,weight,complete,0.0,0.0,42,0,45000,5000,10000,3760032,24,0.1,3,122.13,0.41441249999999996,0.01833796863750182,0.3772,0.4364,0.4803,0.06588750000000004,0.40304999999999996,0.4662,0.49119999999999997,0.5781411438019359,0.4875321428571428,0.584806937523213,0.41441249999999996,resnet32,0.4313,0.418,2.170308120548725,1.880161097442562,0.29014702164568007,resnet32,0.4364,0.4252,2.1675560134039684,1.8820946333421902,0.2854613787071271,resnet32,0.4186,0.3986,2.192418333820321,1.8976482296870514,0.2947701018472964,resnet32,0.4109,0.4042,2.135519904507832,1.851245787164027,0.2842741158409891,resnet32,0.3772,0.3676,2.174335619265383,1.8858413234014402,0.2884942915883254,resnet32,0.4221,0.41,2.1423636199059812,1.8538164770738645,0.2885471446312625,resnet32,0.4235,0.4176,2.155307764526118,1.8686233997683634,0.2866843652234159,resnet32,0.3953,0.3832,2.1514294648712333,1.8651028580286286,0.2863266129385341,13500000.0,5000.0,54010000.0,1350250000.0,10802000000.0
resnet32x8_cifar100_K8_mwmd3_seed0001_d001,d001,resnet32:8,cifar100,8,matched,mwmd3,peers,1,200,64,0.1,0.9,0.0005,True,0,60,0.1,1.0,3,,disagreement,1.0,1,0.0,0.5,weight,complete,0.0,0.0,42,0,45000,5000,10000,3760032,25,0.1,3,121.98,0.4173625,0.017118990733977275,0.389,0.4451,0.4864,0.06903749999999997,0.41209999999999997,0.4726,0.5004214285714286,0.5582078061409831,0.5052535714285715,0.5560268746841734,0.4173625,resnet32,0.4171,0.4114,2.158672710880637,1.870224408636039,0.2884483031759208,resnet32,0.4451,0.434,2.152712767435746,1.8679768702184611,0.2847358984661035,resnet32,0.4122,0.4138,2.172876664860682,1.8821527233177966,0.29072393917224626,resnet32,0.4409,0.4398,2.114995803006671,1.8348107099194417,0.28018509564836597,resnet32,0.4141,0.4112,2.1582677872343496,1.8697512210770086,0.28851656355387106,resnet32,0.404,0.394,2.1341218540275637,1.8500986090776594,0.28402324547906493,resnet32,0.4165,0.4066,2.1404590388251976,1.8546218343756415,0.285837205296213,resnet32,0.389,0.386,2.1419667312028734,1.857089148495685,0.2848775797438892,13500000.0,5000.0,54010000.0,1404260000.0,11234080000.0
resnet32x8_cifar100_K8_mwmd3_seed0001_d001,d001,resnet32:8,cifar100,8,matched,mwmd3,peers,1,200,64,0.1,0.9,0.0005,True,0,60,0.1,1.0,3,,disagreement,1.0,1,0.0,0.5,weight,complete,0.0,0.0,42,0,45000,5000,10000,3760032,26,0.1,3,121.98,0.40847500000000003,0.024177197418228602,0.3507,0.4316,0.4576,0.049124999999999974,0.39654999999999996,0.4486,0.4684499999999999,0.6046514729421808,0.4579357142857142,0.617870588434417,0.40847500000000003,resnet32,0.426,0.4122,2.1545575565912505,1.863339501856403,0.2912180546713485,resnet32,0.3998,0.3922,2.1490673080764036,1.8596162144094706,0.2894510944924233,resnet32,0.403,0.381,2.171967512673952,1.8784505013715138,0.2935170143080706,resnet32,0.4316,0.4258,2.118148907172409,1.8340672772716393,0.2840816316999156,resnet32,0.4254,0.414,2.1542270203882996,1.8637806292284618,0.290446393170648,resnet32,0.4147,0.3998,2.125486333939162,1.8395616478202017,0.28592468793927267,resnet32,0.4166,0.4036,2.1366337156769903,1.848593095317483,0.2880406186661937,resnet32,0.3507,0.3438,2.129027557643977,1.8432626993480055,0.2857648581901396,13500000.0,5000.0,54010000.0,1458270000.0,11666160000.0
resnet32x8_cifar100_K8_mwmd3_seed0001_d001,d001,resnet32:8,cifar100,8,matched,mwmd3,peers,1,200,64,0.1,0.9,0.0005,True,0,60,0.1,1.0,3,,disagreement,1.0,1,0.0,0.5,weight,complete,0.0,0.0,42,0,45000,5000,10000,3760032,27,0.1,3,121.99,0.40175,0.02739995437952407,0.3565,0.4354,0.4652,0.06345,0.40022499999999994,0.4648,0.5013428571428573,0.5618356069508039,0.5007142857142857,0.5638426716746778,0.40175,resnet32,0.414,0.4102,2.147291831841523,1.856436857615005,0.29085497426885093,resnet32,0.3641,0.3744,2.1464025615291162,1.8583293662152507,0.2880731942767108,resnet32,0.4317,0.4322,2.1648191934959455,1.8724038321524858,0.2924153618091209,resnet32,0.4354,0.4268,2.110974031585184,1.82168754986064,0.2892864819150418,resnet32,0.3892,0.3848,2.1505451070314106,1.858923674645749,0.2916214332746511,resnet32,0.414,0.4124,2.1171166607263414,1.8291424412957646,0.28797421780076216,resnet32,0.4091,0.407,2.128969322382049,1.841739982366562,0.287229338851334,resnet32,0.3565,0.354,2.13625087893822,1.849561993540688,0.2866888876411725,13500000.0,5000.0,54010000.0,1512280000.0,12098240000.0
resnet32x8_cifar100_K8_mwmd3_seed0001_d001,d001,resnet32:8,cifar100,8,matched,mwmd3,peers,1,200,64,0.1,0.9,0.0005,True,0,60,0.1,1.0,3,,disagreement,1.0,1,0.0,0.5,weight,complete,0.0,0.0,42,0,45000,5000,10000,3760032,28,0.1,3,123.09,0.3589,0.03680156246683013,0.2672,0.3909,0.4264,0.0675,0.3573,0.4172,0.5415142857142857,0.5609001223053831,0.5437857142857144,0.5634149942050721,0.3589,resnet32,0.3563,0.3476,2.1445311810821295,1.8566652561791919,0.2878659229344604,resnet32,0.3909,0.4002,2.142769797112454,1.851214458827268,0.2915553355335512,resnet32,0.364,0.3622,2.1621240978552536,1.8671534836969592,0.29497061077166686,resnet32,0.3793,0.3754,2.1125606625256212,1.8249610137533059,0.2875996475869959,resnet32,0.2672,0.2664,2.1460016991265793,1.8556587218560956,0.29034298144026915,resnet32,0.3838,0.3862,2.124660652469505,1.8348083094778387,0.28985233956270595,resnet32,0.3534,0.3538,2.1300302005626937,1.8417801580984483,0.2882500428029082,resnet32,0.3763,0.3666,2.131201246584004,1.840278156271035,0.2909230883868242,13500000.0,5000.0,54010000.0,1566290000.0,12530320000.0
resnet32x8_cifar100_K8_mwmd3_seed0001_d001,d001,resnet32:8,cifar100,8,matched,mwmd3,peers,1,200,64,0.1,0.9,0.0005,True,0,60,0.1,1.0,3,,disagreement,1.0,1,0.0,0.5,weight,complete,0.0,0.0,42,0,45000,5000,10000,3760032,29,0.1,3,122.02,0.380425,0.032058686420376,0.3333,0.4388,0.4305,0.05007499999999998,0.37839999999999996,0.4302,0.5021,0.5722103943838267,0.5007035714285714,0.5780378263265123,0.380425,resnet32,0.3527,0.3512,2.1397983563894574,1.8497423963113264,0.2900559584059837,resnet32,0.3333,0.3334,2.132938392799009,1.844996632330797,0.28794176133603533,resnet32,0.4175,0.413,2.1525113628330557,1.8623099296607755,0.29020142824050377,resnet32,0.3892,0.3846,2.1024261547083203,1.8164733741432428,0.28595277908342803,resnet32,0.4388,0.4328,2.137347186661579,1.8494961136444048,0.2878510682123967,resnet32,0.3697,0.366,2.1114621622995897,1.822144896469333,0.2893172655974261,resnet32,0.3776,0.3742,2.124279809269038,1.835699719122865,0.28858009046366945,resnet32,0.3646,0.372,2.1210863642733204,1.8345792401920666,0.28650712458924815,13500000.0,5000.0,54010000.0,1620300000.0,12962400000.0
resnet32x8_cifar100_K8_mwmd3_seed0001_d001,d001,resnet32:8,cifar100,8,matched,mwmd3,peers,1,200,64,0.1,0.9,0.0005,True,0,60,0.1,1.0,3,,disagreement,1.0,1,0.0,0.5,weight,complete,0.0,0.0,42,0,45000,5000,10000,3760032,30,0.1,3,122.19,0.39135,0.020600849497047446,0.3529,0.428,0.4451,0.05375000000000002,0.38965,0.4442,0.4816285714285714,0.5949713291647665,0.47699999999999987,0.6051354119369355,0.39135,resnet32,0.3887,0.388,2.136650828475302,1.8433174626393751,0.2933333625974642,resnet32,0.3853,0.382,2.137047517198053,1.8466480821371078,0.2903994311451573,resnet32,0.3529,0.3558,2.1600822999396105,1.8645423886112191,0.2955399073914371,resnet32,0.3835,0.3902,2.0945018470625985,1.8086374564604326,0.285864390051839,resnet32,0.428,0.4236,2.13348253054375,1.845366933806376,0.28811559722420166,resnet32,0.4128,0.405,2.102260484106161,1.8176160011101852,0.28464448246681556,resnet32,0.3911,0.388,2.1163528495552866,1.8282031364400277,0.28814971245909954,resnet32,0.3885,0.3846,2.116734428331256,1.8256293591111898,0.2911050707017156,13500000.0,5000.0,54010000.0,1674310000.0,13394480000.0
resnet32x8_cifar100_K8_mwmd3_seed0001_d001,d001,resnet32:8,cifar100,8,matched,mwmd3,peers,1,200,64,0.1,0.9,0.0005,True,0,60,0.1,1.0,3,,disagreement,1.0,1,0.0,0.5,weight,complete,0.0,0.0,42,0,45000,5000,10000,3760032,31,0.1,3,122.63,0.3991125,0.034410733699675754,0.3218,0.4336,0.4495,0.05038750000000003,0.39505,0.4448,0.4659357142857142,0.6123834821985915,0.47196785714285694,0.6087957967163168,0.3991125,resnet32,0.4282,0.43,2.1260258687490765,1.8366163848814638,0.28940948380411347,resnet32,0.3965,0.387,2.1258570304648443,1.836320911110802,0.28953611848621885,resnet32,0.4311,0.4336,2.1417953705584463,1.8468547742813826,0.29494059418158775,resnet32,0.4336,0.4224,2.0987014653669163,1.81044729528102,0.28825417237186973,resnet32,0.3873,0.378,2.1233352234756406,1.834277760914781,0.2890574614390392,resnet32,0.4091,0.4068,2.103128960186785,1.8131526195528833,0.2899763388982551,resnet32,0.3218,0.322,2.111277240582488,1.818381959911097,0.2928952799093994,resnet32,0.3853,0.3806,2.113244920799678,1.8226019208404152,0.29064300254156644,13500000.0,5000.0,54010000.0,1728320000.0,13826560000.0
resnet32x8_cifar100_K8_mwmd3_seed0001_d001,d001,resnet32:8,cifar100,8,matched,mwmd3,peers,1,200,64,0.1,0.9,0.0005,True,0,60,0.1,1.0,3,,disagreement,1.0,1,0.0,0.5,weight,complete,0.0,0.0,42,0,45000,5000,10000,3760032,32,0.1,3,122.2,0.417825,0.021997883420911208,0.3764,0.4429,0.4852,0.06737500000000002,0.4173,0.474,0.49494285714285713,0.5670076732624247,0.4974499999999999,0.5649479828595235,0.417825,resnet32,0.4373,0.437,2.1258220611648126,1.832390541380102,0.29343151762573555,resnet32,0.4369,0.4412,2.1275921196422796,1.8367380039258436,0.290854117388583,resnet32,0.3764,0.3876,2.14441579698839,1.8474941064010968,0.2969216915186156,resnet32,0.4079,0.4064,2.088591484183615,1.8001828725365074,0.28840861530889844,resnet32,0.4429,0.4402,2.129764772951603,1.8339820055460387,0.2957827671938999,resnet32,0.4037,0.4064,2.095077185298909,1.8060371333902532,0.2890400504693389,resnet32,0.4032,0.3952,2.116303801028566,1.8215653491629795,0.2947384510189295,resnet32,0.4343,0.4244,2.1149156249382277,1.823075682432814,0.2918399404734373,13500000.0,5000.0,54010000.0,1782330000.0,14258640000.0
resnet32x8_cifar100_K8_mwmd3_seed0001_d001,d001,resnet32:8,cifar100,8,matched,mwmd3,peers,1,200,64,0.1,0.9,0.0005,True,0,60,0.1,1.0,3,,disagreement,1.0,1,0.0,0.5,weight,complete,0.0,0.0,42,0,45000,5000,10000,3760032,33,0.1,3,122.16,0.43127499999999996,0.018177028772601977,0.3917,0.4551,0.4798,0.04852500000000004,0.42894999999999994,0.477,0.4462142857142858,0.61323578006255,0.44082142857142853,0.6239448861988304,0.43127499999999996,resnet32,0.4169,0.419,2.1270302234386858,1.8323025777935982,0.29472764393060724,resnet32,0.4326,0.4302,2.1210743867876856,1.8303189394487576,0.29075544886291027,resnet32,0.4348,0.4208,2.143712817775932,1.8467750181867317,0.2969377990600399,resnet32,0.4431,0.4424,2.096968278627504,1.8075642756779084,0.28940400474874134,resnet32,0.3917,0.3936,2.1137113234197553,1.821092328056693,0.2926189952995628,resnet32,0.4326,0.4318,2.10466200418093,1.8133216076953844,0.29134039485573093,resnet32,0.4434,0.4346,2.112688022581014,1.8213219271803445,0.2913660960991613,resnet32,0.4551,0.4592,2.1131039815531536,1.8199076522141695,0.2931963281748308,13500000.0,5000.0,54010000.0,1836340000.0,14690720000.0
resnet32x8_cifar100_K8_mwmd3_seed0001_d001,d001,resnet32:8,cifar100,8,matched,mwmd3,peers,1,200,64,0.1,0.9,0.0005,True,0,60,0.1,1.0,3,,disagreement,1.0,1,0.0,0.5,weight,complete,0.0,0.0,42,0,45000,5000,10000,3760032,34,0.1,3,122.34,0.423325,0.0072160844645832636,0.4158,0.439,0.4896,0.06627499999999997,0.41269999999999996,0.4784,0.4978928571428571,0.5573944091669014,0.49475714285714284,0.5617406020098595,0.423325,resnet32,0.4192,0.4032,2.1165466980839316,1.8246941590173678,0.29185254040004854,resnet32,0.4158,0.4058,2.115609432316639,1.8238380453125997,0.291771383067085,resnet32,0.4301,0.416,2.1369464092633943,1.8406713345850056,0.2962750743820586,resnet32,0.4192,0.4098,2.0866778597913007,1.7992537395859307,0.2874241206498647,resnet32,0.439,0.4224,2.1184179461137815,1.8258851785212755,0.29253276462920685,resnet32,0.4215,0.4138,2.095909271558577,1.8044642201540144,0.291445054219697,resnet32,0.4178,0.4144,2.104920970614661,1.8149912602860818,0.28992971210655843,resnet32,0.424,0.4162,2.108616867187348,1.816801014102318,0.2918158531696959,13500000.0,5000.0,54010000.0,1890350000.0,15122800000.0
resnet32x8_cifar100_K8_mwmd3_seed0001_d001,d001,resnet32:8,cifar100,8,matched,mwmd3,peers,1,200,64,0.1,0.9,0.0005,True,0,60,0.1,1.0,3,,disagreement,1.0,1,0.0,0.5,weight,complete,0.0,0.0,42,0,45000,5000,10000,3760032,35,0.1,3,122.02,0.4337625,0.014447053116466352,0.4087,0.4549,0.4858,0.052037500000000014,0.43012500000000004,0.479,0.4523500000000001,0.6057189047150665,0.4518,0.6057599708605359,0.4337625,resnet32,0.4549,0.4564,2.1153144025328485,1.821535211564465,0.29377919234420086,resnet32,0.4324,0.4298,2.1076883411204275,1.8139682483266701,0.2937200893859633,resnet32,0.4397,0.4318,2.1308758084408264,1.8338403654369442,0.29703544433736667,resnet32,0.4378,0.4304,2.082646667110649,1.7962286470627242,0.286418019158935,resnet32,0.4087,0.4152,2.1138056061145933,1.819503049112179,0.2943025615320287,resnet32,0.4134,0.4114,2.0936029914089223,1.8016572902825745,0.29194570116868074,resnet32,0.4402,0.4326,2.100914880464023,1.8073281337591736,0.2935867409687489,resnet32,0.443,0.4334,2.104697496714917,1.808904262090271,0.2957932353443043,13500000.0,5000.0,54010000.0,1944360000.0,15554880000.0
resnet32x8_cifar100_K8_mwmd3_seed0001_d001,d001,resnet32:8,cifar100,8,matched,mwmd3,peers,1,200,64,0.1,0.9,0.0005,True,0,60,0.1,1.0,3,,disagreement,1.0,1,0.0,0.5,weight,complete,0.0,0.0,42,0,45000,5000,10000,3760032,36,0.1,3,122.15,0.43279999999999996,0.015299101280794248,0.4019,0.458,0.4945,0.06170000000000003,0.429825,0.491,0.4696357142857143,0.5914909677612255,0.4690535714285714,0.5983249802544564,0.43279999999999996,resnet32,0.4425,0.4494,2.112309092147784,1.8203896438194946,0.29191944938661024,resnet32,0.4232,0.4166,2.097979587756775,1.8077669851481915,0.2902125985022973,resnet32,0.4326,0.427,2.1260211637074296,1.8302714054218747,0.29574975392527203,resnet32,0.4386,0.438,2.0849637668579817,1.79150138693777,0.29346238243901596,resnet32,0.4384,0.4408,2.110508134588599,1.8173866878178986,0.2931214494376697,resnet32,0.458,0.4476,2.0865440990098496,1.7958939751102165,0.2906501250214536,resnet32,0.4272,0.4274,2.0998160285367207,1.8090020025318319,0.2908140260260552,resnet32,0.4019,0.3918,2.09748006679795,1.8076031649993225,0.28987690283578227,13500000.0,5000.0,54010000.0,1998370000.0,15986960000.0
resnet32x8_cifar100_K8_mwmd3_seed0001_d001,d001,resnet32:8,cifar100,8,matched,mwmd3,peers,1,200,64,0.1,0.9,0.0005,True,0,60,0.1,1.0,3,,disagreement,1.0,1,0.0,0.5,weight,complete,0.0,0.0,42,0,45000,5000,10000,3760032,37,0.1,3,122.06,0.464125,0.00969223271491146,0.4505,0.481,0.5219,0.05777500000000002,0.45647499999999996,0.5112,0.44373571428571434,0.5969723540120734,0.43645000000000006,0.6090471859384791,0.464125,resnet32,0.4618,0.463,2.111413510685617,1.8158536626195365,0.29555984715592454,resnet32,0.4721,0.464,2.1084015200083908,1.8118189507248728,0.29658256886018947,resnet32,0.4546,0.4438,2.118663204833865,1.8194835968315601,0.299179608954794,resnet32,0.463,0.445,2.0777183820239524,1.7848423250358214,0.29287605633197183,resnet32,0.4573,0.4552,2.1061327630145983,1.8121655397117138,0.293967226985842,resnet32,0.481,0.4746,2.082614003595981,1.7905066692355005,0.2921073322861709,resnet32,0.4727,0.4588,2.097116955132647,1.8022775043818084,0.2948394537353041,resnet32,0.4505,0.4474,2.0926713699644264,1.797955153340643,0.29471621639095247,13500000.0,5000.0,54010000.0,2052380000.0,16419040000.0
resnet32x8_cifar100_K8_mwmd3_seed0001_d001,d001,resnet32:8,cifar100,8,matched,mwmd3,peers,1,200,64,0.1,0.9,0.0005,True,0,60,0.1,1.0,3,,disagreement,1.0,1,0.0,0.5,weight,complete,0.0,0.0,42,0,45000,5000,10000,3760032,38,0.1,3,122.12,0.4671375,0.010679178046553956,0.4477,0.4791,0.5234,0.05626249999999999,0.45915,0.5206,0.4439428571428571,0.5884054214244683,0.4328642857142856,0.6016943890686715,0.4671375,resnet32,0.4477,0.4296,2.0986838891086252,1.8062887848778204,0.2923951081677594,resnet32,0.4539,0.4528,2.096435138278387,1.8042360061610287,0.2921991275877438,resnet32,0.4631,0.457,2.115884918550199,1.818842422386462,0.2970424965658987,resnet32,0.4769,0.462,2.0674881647256287,1.7800679791041396,0.2874201877381314,resnet32,0.4692,0.4642,2.0975069141184743,1.8057124697687952,0.2917944464874877,resnet32,0.4791,0.4708,2.077335368164561,1.7877871632914653,0.2895482079633935,resnet32,0.4765,0.4754,2.090638105672869,1.7962071560323238,0.294430949238383,resnet32,0.4707,0.4614,2.096694777296348,1.8028265918520363,0.29386818514798174,13500000.0,5000.0,54010000.0,2106390000.0,16851120000.0
resnet32x8_cifar100_K8_mwmd3_seed0001_d001,d001,resnet32:8,cifar100,8,matched,mwmd3,peers,1,200,64,0.1,0.9,0.0005,True,0,60,0.1,1.0,3,,disagreement,1.0,1,0.0,0.5,weight,complete,0.0,0.0,42,0,45000,5000,10000,3760032,39,0.1,3,122.12,0.409675,0.03233321627985684,0.3582,0.4563,0.4644,0.05472499999999997,0.40842500000000004,0.4698,0.4708642857142857,0.579830835017674,0.47302142857142854,0.5821361657566326,0.409675,resnet32,0.4035,0.4066,2.1051012267443268,1.809420370920138,0.2956808558665216,resnet32,0.4174,0.4178,2.099068117073991,1.8067116144705901,0.29235650605352764,resnet32,0.3582,0.3524,2.122247113084251,1.8246995655989104,0.2975475447760387,resnet32,0.4198,0.4184,2.0769785197282378,1.7826681516387246,0.294310371984135,resnet32,0.4563,0.463,2.105229842730544,1.8113545871932397,0.2938752569342879,resnet32,0.4286,0.4234,2.082075688310645,1.7875572324476459,0.29451845588416536,resnet32,0.3604,0.3546,2.09424493546513,1.800640820440921,0.29360411294989963,resnet32,0.4332,0.4312,2.096745200116526,1.8008639705790714,0.2958812254311686,13500000.0,5000.0,54010000.0,2160400000.0,17283200000.0
resnet32x8_cifar100_K8_mwmd3_seed0001_d001,d001,resnet32:8,cifar100,8,matched,mwmd3,peers,1,200,64,0.1,0.9,0.0005,True,0,60,0.1,1.0,3,,disagreement,1.0,1,0.0,0.5,weight,complete,0.0,0.0,42,0,45000,5000,10000,3760032,40,0.1,3,122.05,0.4011,0.024180002067824564,0.3454,0.4279,0.4576,0.056499999999999995,0.397,0.449,0.4923,0.5752270685498263,0.4854892857142858,0.5792681920748622,0.4011,resnet32,0.3454,0.343,2.1050705051218923,1.809209001504562,0.29586150363849645,resnet32,0.3945,0.3918,2.0863667887381534,1.7961528665301474,0.29021391789005563,resnet32,0.4159,0.4174,2.1160841304808855,1.817711280150847,0.29837284817106347,resnet32,0.4207,0.4212,2.0709447779438714,1.7799895427782426,0.29095523844642396,resnet32,0.3903,0.388,2.0912950465624984,1.7981002635576508,0.2931947835763408,resnet32,0.4279,0.421,2.0685235375369135,1.779049202291803,0.28947433492761443,resnet32,0.4037,0.394,2.0809339466081425,1.7900782173330134,0.290855729169297,resnet32,0.4104,0.3996,2.0907960762693123,1.7959019836377015,0.29489409614523704,13500000.0,5000.0,54010000.0,2214410000.0,17715280000.0
resnet32x8_cifar100_K8_mwmd3_seed0001_d001,d001,resnet32:8,cifar100,8,matched,mwmd3,peers,1,200,64,0.1,0.9,0.0005,True,0,60,0.1,1.0,3,,disagreement,1.0,1,0.0,0.5,weight,complete,0.0,0.0,42,0,45000,5000,10000,3760032,41,0.1,3,122.07,0.3816125,0.044410540345170314,0.3055,0.4343,0.4352,0.053587499999999955,0.3792,0.4394,0.5127857142857144,0.5814536465353484,0.5162107142857144,0.5790289753368032,0.3816125,resnet32,0.3662,0.369,2.092937766320326,1.7993865248493173,0.29355124119584536,resnet32,0.3337,0.3344,2.0797194482927974,1.7882638260383497,0.29145562451925466,resnet32,0.3055,0.2996,2.10646388087083,1.8111906925385648,0.2952731865331192,resnet32,0.4343,0.421,2.062404031272639,1.7673993349413981,0.2950046952517534,resnet32,0.4274,0.424,2.0878527882424267,1.79480317607522,0.2930496149611744,resnet32,0.4249,0.4294,2.0693195340308277,1.7761422521011396,0.29317728480832145,resnet32,0.3992,0.3964,2.0803525669669565,1.787770587950945,0.29258197598921304,resnet32,0.3617,0.3598,2.0827178223566576,1.7908736428415233,0.29184418315575883,13500000.0,5000.0,54010000.0,2268420000.0,18147360000.0
resnet32x8_cifar100_K8_mwmd3_seed0001_d001,d001,resnet32:8,cifar100,8,matched,mwmd3,peers,1,200,64,0.1,0.9,0.0005,True,0,60,0.1,1.0,3,,disagreement,1.0,1,0.0,0.5,weight,complete,0.0,0.0,42,0,45000,5000,10000,3760032,42,0.1,3,122.57,0.4563625,0.02593057738944507,0.4041,0.4866,0.5244,0.06803749999999997,0.44405,0.5148,0.4779857142857143,0.5665183829193846,0.47229642857142856,0.5750951481294855,0.4563625,resnet32,0.468,0.4534,2.0977739818732846,1.8038079173050143,0.2939660656900907,resnet32,0.4731,0.4478,2.0915120892565358,1.797815770588138,0.293696319472722,resnet32,0.4041,0.3934,2.112011245705865,1.8163108947602185,0.29570035105147824,resnet32,0.4866,0.4734,2.072944836352359,1.7772191364995458,0.29572569697417994,resnet32,0.4638,0.4534,2.093053350563754,1.7982190981168638,0.29483425318771467,resnet32,0.4665,0.4488,2.069405385885726,1.7773139774799347,0.29209141208874906,resnet32,0.4653,0.4604,2.0869967978109014,1.7914725106886842,0.29552428968335415,resnet32,0.4235,0.4218,2.086086270314726,1.7918280700052327,0.29425819747319276,13500000.0,5000.0,54010000.0,2322430000.0,18579440000.0
resnet32x8_cifar100_K8_mwmd3_seed0001_d001,d001,resnet32:8,cifar100,8,matched,mwmd3,peers,1,200,64,0.1,0.9,0.0005,True,0,60,0.1,1.0,3,,disagreement,1.0,1,0.0,0.5,weight,complete,0.0,0.0,42,0,45000,5000,10000,3760032,43,0.1,3,122.04,0.4567875,0.0166242622016738,0.4273,0.4813,0.5068,0.050012500000000015,0.45037499999999997,0.5056,0.4284357142857142,0.6024100608749389,0.43230714285714283,0.6091422601424217,0.4567875,resnet32,0.4696,0.4616,2.097478920255195,1.8025097581134601,0.29496916599402373,resnet32,0.4542,0.442,2.095312659205361,1.8000393139029092,0.29527334547178313,resnet32,0.4813,0.4782,2.11534987965768,1.817915383557027,0.2974344904492186,resnet32,0.4426,0.4438,2.07408338717439,1.7810281660746445,0.29305522169240494,resnet32,0.4681,0.4622,2.0960121017626743,1.8039670190350576,0.2920450838706033,resnet32,0.4665,0.4578,2.0798375538804312,1.7891868217424913,0.29065073359842325,resnet32,0.4447,0.438,2.088853332298723,1.7944143536415966,0.2944389795672826,resnet32,0.4273,0.4194,2.08713298917494,1.7936059710654346,0.29352701774967666,13500000.0,5000.0,54010000.0,2376440000.0,19011520000.0
resnet32x8_cifar100_K8_mwmd3_seed0001_d001,d001,resnet32:8,cifar100,8,matched,mwmd3,peers,1,200,64,0.1,0.9,0.0005,True,0,60,0.1,1.0,3,,disagreement,1.0,1,0.0,0.5,weight,complete,0.0,0.0,42,0,45000,5000,10000,3760032,44,0.1,3,122.41,0.42691250000000003,0.0276808344120982,0.3707,0.4624,0.4825,0.055587499999999956,0.42865,0.4822,0.461857142857143,0.588892227160188,0.4684857142857142,0.5892062080524203,0.42691250000000003,resnet32,0.4297,0.4248,2.0936945656483825,1.8005512929098173,0.2931432770565152,resnet32,0.4105,0.4144,2.084818556058136,1.7922951628200032,0.2925233975984156,resnet32,0.4361,0.436,2.103854560377923,1.8081153478812089,0.2957392106129026,resnet32,0.4112,0.4194,2.0626497361809015,1.7684991674667054,0.2941505669997158,resnet32,0.3707,0.37,2.079807644879276,1.7861813855442135,0.2936262611130422,resnet32,0.4624,0.4634,2.0667596975849434,1.7764869518578053,0.29027274452065205,resnet32,0.4589,0.4618,2.0779049955308437,1.783875466917049,0.2940295271533118,resnet32,0.4358,0.4394,2.0742001108486545,1.7818846384232694,0.29231547231955285,13500000.0,5000.0,54010000.0,2430450000.0,19443600000.0
resnet32x8_cifar100_K8_mwmd3_seed0001_d001,d001,resnet32:8,cifar100,8,matched,mwmd3,peers,1,200,64,0.1,0.9,0.0005,True,0,60,0.1,1.0,3,,disagreement,1.0,1,0.0,0.5,weight,complete,0.0,0.0,42,0,45000,5000,10000,3760032,45,0.1,3,122.16,0.4026,0.02785493672583013,0.3605,0.4383,0.4552,0.05259999999999998,0.40759999999999996,0.4628,0.47919285714285714,0.5813695932583188,0.48018571428571427,0.5897926970244167,0.4026,resnet32,0.4279,0.4354,2.090540576048873,1.7953201667828993,0.2952204065566713,resnet32,0.4326,0.431,2.082253098487854,1.7885769549757242,0.2936761434274641,resnet32,0.3973,0.4022,2.1058354662223295,1.8082275070588698,0.2976079561789943,resnet32,0.3986,0.4132,2.056900930675593,1.7631366720253772,0.2937642627776685,resnet32,0.4027,0.402,2.0843015624718233,1.791306533935395,0.29299502732994204,resnet32,0.4383,0.4444,2.0578265191817824,1.7675104100595822,0.29031610605306923,resnet32,0.3629,0.373,2.0803038093515416,1.7856335362250155,0.2946702764496546,resnet32,0.3605,0.3596,2.0776067352430387,1.7839156255464663,0.2936911108607257,13500000.0,5000.0,54010000.0,2484460000.0,19875680000.0
resnet32x8_cifar100_K8_mwmd3_seed0001_d001,d001,resnet32:8,cifar100,8,matched,mwmd3,peers,1,200,64,0.1,0.9,0.0005,True,0,60,0.1,1.0,3,,disagreement,1.0,1,0.0,0.5,weight,complete,0.0,0.0,42,0,45000,5000,10000,3760032,46,0.1,3,122.05,0.4551375,0.02034280815792156,0.4272,0.4985,0.5104,0.05526249999999999,0.4535,0.5106,0.43684999999999985,0.5959598941329628,0.43873928571428583,0.5971193627960117,0.4551375,resnet32,0.4341,0.4294,2.082866583866152,1.787684508853338,0.29518207806077873,resnet32,0.4472,0.4524,2.0765024523504754,1.7801855309781702,0.2963169238064438,resnet32,0.4272,0.4222,2.0942143691195683,1.7959140750833533,0.29830029486170545,resnet32,0.4985,0.501,2.053244549611753,1.7598446985198692,0.29339985009706154,resnet32,0.457,0.4572,2.0689676111056046,1.7748711315745658,0.2940964809703556,resnet32,0.4552,0.4454,2.057888301089406,1.7617288543419405,0.2961594471496276,resnet32,0.467,0.4758,2.069436872039329,1.7735755428333173,0.29586132761852985,resnet32,0.4549,0.4446,2.068697593090209,1.7734268763187258,0.29527071255936543,13500000.0,5000.0,54010000.0,2538470000.0,20307760000.0
resnet32x8_cifar100_K8_mwmd3_seed0001_d001,d001,resnet32:8,cifar100,8,matched,mwmd3,peers,1,200,64,0.1,0.9,0.0005,True,0,60,0.1,1.0,3,,disagreement,1.0,1,0.0,0.5,weight,complete,0.0,0.0,42,0,45000,5000,10000,3760032,47,0.1,3,123.91,0.4638375,0.008524367645168762,0.4512,0.4743,0.5212,0.05736249999999998,0.45657500000000006,0.5084,0.43182857142857145,0.6054492297963111,0.4330392857142857,0.6053439622391338,0.4638375,resnet32,0.4743,0.4594,2.0771964414214548,1.7834732502021573,0.29372319009747694,resnet32,0.4736,0.4636,2.067791661247611,1.7721081035719677,0.29568355883979663,resnet32,0.4512,0.4474,2.0822706657715817,1.7852727440609173,0.2969979166095568,resnet32,0.4575,0.4572,2.044349604709582,1.7485660722648555,0.2957835333760489,resnet32,0.4546,0.4466,2.06969971514561,1.775185257873752,0.29451445644636726,resnet32,0.4733,0.4656,2.056158271702853,1.7614245614544912,0.29473371196284215,resnet32,0.4625,0.453,2.064014059576121,1.768449787219817,0.2955642714249817,resnet32,0.4637,0.4598,2.062759995291179,1.7692938567223875,0.29346614064310084,13500000.0,5000.0,54010000.0,2592480000.0,20739840000.0
resnet32x8_cifar100_K8_mwmd3_seed0001_d001,d001,resnet32:8,cifar100,8,matched,mwmd3,peers,1,200,64,0.1,0.9,0.0005,True,0,60,0.1,1.0,3,,disagreement,1.0,1,0.0,0.5,weight,complete,0.0,0.0,42,0,45000,5000,10000,3760032,48,0.1,3,122.29,0.4309,0.014557558174364275,0.4077,0.4519,0.4878,0.056900000000000006,0.42310000000000003,0.477,0.4552071428571431,0.5983270175266195,0.4540785714285715,0.5989749744581198,0.4309,resnet32,0.4491,0.4454,2.0849571470171213,1.7928339202295651,0.2921232271473855,resnet32,0.4135,0.403,2.082722621885213,1.7903358380902896,0.2923867862078954,resnet32,0.4283,0.4224,2.1000530743463472,1.802375135265968,0.29767793734473263,resnet32,0.4269,0.4092,2.0626796395941214,1.7686842884868383,0.2939953543880785,resnet32,0.4312,0.4202,2.0847720725631174,1.79332408325916,0.2914479861078276,resnet32,0.4519,0.4498,2.064302387562665,1.77059643834152,0.29370595093562524,resnet32,0.4077,0.3986,2.083526957949454,1.7884751101109115,0.29505184917202726,resnet32,0.4386,0.4362,2.0819516996429726,1.7842083722352982,0.29774333183145657,13500000.0,5000.0,54010000.0,2646490000.0,21171920000.0
resnet32x8_cifar100_K8_mwmd3_seed0001_d001,d001,resnet32:8,cifar100,8,matched,mwmd3,peers,1,200,64,0.1,0.9,0.0005,True,0,60,0.1,1.0,3,,disagreement,1.0,1,0.0,0.5,weight,complete,0.0,0.0,42,0,45000,5000,10000,3760032,49,0.1,3,122.18,0.4114375,0.022465970794737528,0.3748,0.4584,0.4596,0.0481625,0.407675,0.457,0.4400071428571429,0.6377829995959248,0.450482142857143,0.6256868406606404,0.4114375,resnet32,0.3748,0.3766,2.0861734490502966,1.7911685825410215,0.2950048656414517,resnet32,0.4111,0.4122,2.078446327962659,1.7820454813878646,0.296400846214965,resnet32,0.3993,0.3914,2.0913579922846774,1.7919652280821041,0.29939276638271456,resnet32,0.4584,0.4442,2.0485106208785013,1.7552622687071562,0.2932483518961817,resnet32,0.4052,0.406,2.078008599917997,1.7815386727452278,0.2964699284004217,resnet32,0.4183,0.4158,2.0646074818955227,1.7702101662077687,0.29439731568775396,resnet32,0.4235,0.421,2.07890856790949,1.7847899222238497,0.2941186467016285,resnet32,0.4009,0.3942,2.0821518278257414,1.7859918654642322,0.2961599643511528,13500000.0,5000.0,54010000.0,2700500000.0,21604000000.0
resnet32x8_cifar100_K8_mwmd3_seed0001_d001,d001,resnet32:8,cifar100,8,matched,mwmd3,peers,1,200,64,0.1,0.9,0.0005,True,0,60,0.1,1.0,3,,disagreement,1.0,1,0.0,0.5,weight,complete,0.0,0.0,42,0,45000,5000,10000,3760032,50,0.1,3,121.95,0.4237125,0.029463640198556584,0.3699,0.4565,0.4909,0.06718750000000001,0.416925,0.4816,0.49353571428571424,0.5719054477034531,0.49137500000000006,0.5700625791001314,0.4237125,resnet32,0.3961,0.391,2.0785501531579276,1.7844917198473758,0.2940584304742515,resnet32,0.4488,0.4424,2.0760267033157023,1.7778891255571083,0.29813757695426996,resnet32,0.3699,0.3588,2.0927169487218964,1.7933845342221586,0.29933241805569694,resnet32,0.4455,0.4358,2.051546618511731,1.7554198657585816,0.2961267525203187,resnet32,0.4565,0.4564,2.074254249137911,1.7783393124965103,0.29591493880037556,resnet32,0.4181,0.4174,2.0565847280350598,1.7643009014427662,0.2922838279892775,resnet32,0.4503,0.4354,2.0678691289980304,1.7733390625904908,0.2945300654973835,resnet32,0.4045,0.3982,2.0695571594617586,1.7756725278767673,0.29388463469645515,13500000.0,5000.0,54010000.0,2754510000.0,22036080000.0
resnet32x8_cifar100_K8_mwmd3_seed0001_d001,d001,resnet32:8,cifar100,8,matched,mwmd3,peers,1,200,64,0.1,0.9,0.0005,True,0,60,0.1,1.0,3,,disagreement,1.0,1,0.0,0.5,weight,complete,0.0,0.0,42,0,45000,5000,10000,3760032,51,0.1,3,121.98,0.40379999999999994,0.05133069257276781,0.3162,0.4701,0.4745,0.07070000000000004,0.402075,0.4754,0.5264642857142858,0.5483464175138327,0.5281678571428573,0.5527934849072568,0.40379999999999994,resnet32,0.389,0.3842,2.0834329363635997,1.7881486696953124,0.29528426586396317,resnet32,0.4701,0.465,2.0802281995049934,1.7835467835380272,0.2966814175544476,resnet32,0.3517,0.3494,2.098348048769615,1.8025121131742543,0.295835941077464,resnet32,0.4574,0.4502,2.058079576797106,1.765263232487169,0.2928163444369354,resnet32,0.3721,0.3746,2.077676344832236,1.7827860736711458,0.29489027097059245,resnet32,0.4372,0.4378,2.0608886024830015,1.7705430595034903,0.2903455425561829,resnet32,0.4367,0.4346,2.078019418838349,1.7822185477072543,0.295800868421793,resnet32,0.3162,0.3208,2.0713027397339996,1.7789563235234132,0.29234641532159666,13500000.0,5000.0,54010000.0,2808520000.0,22468160000.0
resnet32x8_cifar100_K8_mwmd3_seed0001_d001,d001,resnet32:8,cifar100,8,matched,mwmd3,peers,1,200,64,0.1,0.9,0.0005,True,0,60,0.1,1.0,3,,disagreement,1.0,1,0.0,0.5,weight,complete,0.0,0.0,42,0,45000,5000,10000,3760032,52,0.1,3,121.96,0.4442125,0.02536816102420512,0.414,0.482,0.5001,0.05588749999999998,0.43972500000000003,0.4936,0.4551071428571429,0.5851129181525868,0.45376071428571435,0.5919095673007694,0.4442125,resnet32,0.4728,0.465,2.079834770411253,1.7844926835122434,0.2953420825598931,resnet32,0.414,0.4094,2.0698802953755315,1.7736899852752686,0.2961903127883984,resnet32,0.4228,0.4252,2.090058222243732,1.793123366141861,0.2969348560172049,resnet32,0.482,0.4726,2.0444989531216295,1.7498440933837132,0.29465485910292377,resnet32,0.4687,0.4636,2.0744231798770754,1.7779472941024737,0.29647588744674896,resnet32,0.4478,0.448,2.0599366411228073,1.7624148895794696,0.29752175211483106,resnet32,0.4217,0.416,2.064405991272493,1.769120558927005,0.29528543539345264,resnet32,0.4239,0.418,2.0665298531001266,1.7725435319271954,0.29398631808263337,13500000.0,5000.0,54010000.0,2862530000.0,22900240000.0
resnet32x8_cifar100_K8_mwmd3_seed0001_d001,d001,resnet32:8,cifar100,8,matched,mwmd3,peers,1,200,64,0.1,0.9,0.0005,True,0,60,0.1,1.0,3,,disagreement,1.0,1,0.0,0.5,weight,complete,0.0,0.0,42,0,45000,5000,10000,3760032,53,0.1,3,121.97,0.44225000000000003,0.02378712887256467,0.4015,0.4686,0.4901,0.04784999999999995,0.43520000000000003,0.4914,0.4473142857142857,0.5994772235031439,0.43598928571428563,0.626347536162951,0.44225000000000003,resnet32,0.4015,0.3976,2.0753943740644236,1.780180338262157,0.2952140372415835,resnet32,0.429,0.419,2.0732325415380974,1.779126977040009,0.29410556716505776,resnet32,0.4563,0.4476,2.086753888394345,1.7915513525632294,0.2952025386462496,resnet32,0.4606,0.4546,2.042808635668321,1.7518562906506387,0.2909523445731876,resnet32,0.4686,0.468,2.0772041250020266,1.7829053163189779,0.29429880828088656,resnet32,0.4611,0.4526,2.050253923982382,1.761038780551065,0.2892151448071342,resnet32,0.4508,0.4394,2.070219627496871,1.7741631096736952,0.2960565223739567,resnet32,0.4101,0.4028,2.0657149715857073,1.772398740561171,0.2933162344111638,13500000.0,5000.0,54010000.0,2916540000.0,23332320000.0
resnet32x8_cifar100_K8_mwmd3_seed0001_d001,d001,resnet32:8,cifar100,8,matched,mwmd3,peers,1,200,64,0.1,0.9,0.0005,True,0,60,0.1,1.0,3,,disagreement,1.0,1,0.0,0.5,weight,complete,0.0,0.0,42,0,45000,5000,10000,3760032,54,0.1,3,122.16,0.381725,0.03069131595419134,0.3088,0.4183,0.4421,0.06037500000000001,0.38187499999999996,0.4456,0.5151857142857142,0.5545603255175512,0.5198321428571429,0.5528408928432199,0.381725,resnet32,0.399,0.3922,2.0689237734133545,1.7733859721232543,0.295537797014483,resnet32,0.3088,0.3142,2.063431473618204,1.764735317535021,0.29869615741666744,resnet32,0.3704,0.3654,2.0848483609204944,1.7853687083856626,0.2994796536354856,resnet32,0.399,0.4032,2.0439494130286304,1.74568898958916,0.29826042280447757,resnet32,0.3788,0.3768,2.0660225752402437,1.7705720248208805,0.2954505500595339,resnet32,0.4183,0.422,2.0467157311398876,1.7506568579172546,0.2960588733707978,resnet32,0.3868,0.3862,2.06302690082653,1.7659038764170625,0.29712302468463103,resnet32,0.3927,0.395,2.0609021298587322,1.7661313548345456,0.29477077282287856,13500000.0,5000.0,54010000.0,2970550000.0,23764400000.0
resnet32x8_cifar100_K8_mwmd3_seed0001_d001,d001,resnet32:8,cifar100,8,matched,mwmd3,peers,1,200,64,0.1,0.9,0.0005,True,0,60,0.1,1.0,3,,disagreement,1.0,1,0.0,0.5,weight,complete,0.0,0.0,42,0,45000,5000,10000,3760032,55,0.1,3,121.87,0.4325875,0.024753860178768072,0.3946,0.4765,0.5004,0.06781249999999994,0.42924999999999996,0.4926,0.4777857142857142,0.5809692416906468,0.47995000000000004,0.5759738508802735,0.4325875,resnet32,0.4094,0.3946,2.0799030251801014,1.7838791475038638,0.2960238770835779,resnet32,0.4348,0.4264,2.0799686603925447,1.7823335011913017,0.29763516334986145,resnet32,0.3946,0.39,2.0870612179013817,1.7889663119885055,0.29809490261091426,resnet32,0.4281,0.4274,2.0539615220305594,1.7572931447489695,0.2966683748686178,resnet32,0.4395,0.4426,2.0709241792898285,1.7779827029867605,0.29294147416525945,resnet32,0.4184,0.4172,2.0632460471242666,1.768783649429679,0.2944623932073062,resnet32,0.4765,0.4766,2.0654089864004743,1.76692271605134,0.298486273651096,resnet32,0.4594,0.4592,2.0729330625723708,1.7798712805590846,0.29306178220378404,13500000.0,5000.0,54010000.0,3024560000.0,24196480000.0
resnet32x8_cifar100_K8_mwmd3_seed0001_d001,d001,resnet32:8,cifar100,8,matched,mwmd3,peers,1,200,64,0.1,0.9,0.0005,True,0,60,0.1,1.0,3,,disagreement,1.0,1,0.0,0.5,weight,complete,0.0,0.0,42,0,45000,5000,10000,3760032,56,0.1,3,122.21,0.437025,0.02739538054125184,0.3928,0.4748,0.489,0.05197499999999999,0.43055,0.4846,0.4546,0.6063495825321524,0.4582142857142858,0.5990846528660911,0.437025,resnet32,0.4419,0.4412,2.0695926250720564,1.7767986281012946,0.292793999934061,resnet32,0.4066,0.4022,2.069670209491795,1.7729447536509146,0.29672545598904515,resnet32,0.471,0.4522,2.0866455931893806,1.7889732391658155,0.2976723493034528,resnet32,0.4549,0.4456,2.0431844893504274,1.7472504116594791,0.2959340778179467,resnet32,0.4264,0.4244,2.0659949593245983,1.7717697911641814,0.2942251684779132,resnet32,0.4748,0.463,2.045138806951317,1.7522447041489861,0.29289410189217463,resnet32,0.3928,0.3914,2.066624230112542,1.7695913472297518,0.29703288430094044,resnet32,0.4278,0.4244,2.0645378980446947,1.77081657725979,0.2937213181602684,13500000.0,5000.0,54010000.0,3078570000.0,24628560000.0
resnet32x8_cifar100_K8_mwmd3_seed0001_d001,d001,resnet32:8,cifar100,8,matched,mwmd3,peers,1,200,64,0.1,0.9,0.0005,True,0,60,0.1,1.0,3,,disagreement,1.0,1,0.0,0.5,weight,complete,0.0,0.0,42,0,45000,5000,10000,3760032,57,0.1,3,121.97,0.43376250000000005,0.025580849160065033,0.3921,0.4833,0.4978,0.06403749999999997,0.42822499999999997,0.4866,0.4541357142857142,0.5971354764207437,0.4594321428571429,0.5891805672190985,0.43376250000000005,resnet32,0.4353,0.427,2.0684841850941833,1.7736374341290106,0.29484675225632434,resnet32,0.4449,0.4444,2.0635411119596525,1.7685334658758207,0.29500764997845347,resnet32,0.4194,0.4134,2.0805287960578096,1.7812106863341548,0.29931810923682695,resnet32,0.4101,0.4034,2.0353147453543814,1.7409660739993507,0.29434867129153147,resnet32,0.4833,0.478,2.057609129019759,1.7639168307862498,0.2936922961591997,resnet32,0.3921,0.3926,2.041410652581941,1.7500787170773202,0.291331933663142,resnet32,0.4424,0.4384,2.0608577132225037,1.7659493176774546,0.29490839249708434,resnet32,0.4426,0.4286,2.0609277634119447,1.7619071545248681,0.29902060950090265,13500000.0,5000.0,54010000.0,3132580000.0,25060640000.0
resnet32x8_cifar100_K8_mwmd3_seed0001_d001,d001,resnet32:8,cifar100,8,matched,mwmd3,peers,1,200,64,0.1,0.9,0.0005,True,0,60,0.1,1.0,3,,disagreement,1.0,1,0.0,0.5,weight,complete,0.0,0.0,42,0,45000,5000,10000,3760032,58,0.1,3,122.23,0.430725,0.024605830101827493,0.3905,0.464,0.5055,0.07477499999999992,0.426725,0.4924,0.4883857142857143,0.5711766716260798,0.49416071428571423,0.5616450902580402,0.430725,resnet32,0.4505,0.447,2.063266134058887,1.768996687097983,0.29426944465376437,resnet32,0.4134,0.4204,2.055848103185946,1.7598423849452625,0.29600571608170867,resnet32,0.4001,0.389,2.073915681886402,1.7743613350797782,0.29955434752628207,resnet32,0.464,0.4618,2.0304723216051404,1.738373297012665,0.2920990231108259,resnet32,0.3905,0.3936,2.0567529308186336,1.7600201747634194,0.296732760859992,resnet32,0.4371,0.4292,2.0446589423174206,1.7518197060985998,0.29283923376351595,resnet32,0.4409,0.4326,2.0571318822489544,1.7608909446068786,0.2962409381289035,resnet32,0.4493,0.4402,2.0595514071597294,1.7631337207488038,0.296417685479603,13500000.0,5000.0,54010000.0,3186590000.0,25492720000.0
resnet32x8_cifar100_K8_mwmd3_seed0001_d001,d001,resnet32:8,cifar100,8,matched,mwmd3,peers,1,200,64,0.1,0.9,0.0005,True,0,60,0.1,1.0,3,,disagreement,1.0,1,0.0,0.5,weight,complete,0.0,0.0,42,0,45000,5000,10000,3760032,59,0.1,3,123.16,0.4525125,0.028611030980200628,0.3997,0.485,0.5161,0.06358750000000002,0.44647499999999996,0.5074,0.45946428571428577,0.5934102476890206,0.461175,0.5976995275288376,0.4525125,resnet32,0.3997,0.3984,2.0698218784210356,1.7752050422132015,0.2946168345991861,resnet32,0.4745,0.4668,2.069659749553962,1.7710244550623677,0.29863529434342956,resnet32,0.4379,0.4362,2.0848939378153193,1.7857444316826083,0.29914950706403365,resnet32,0.4655,0.4518,2.0403561404144224,1.7462515532970428,0.2941045840694146,resnet32,0.4847,0.4722,2.0661182149567385,1.7692043320699171,0.2969138800293546,resnet32,0.485,0.4794,2.0545102520422502,1.7580051074989818,0.29650514547459106,resnet32,0.4245,0.426,2.0678228129717438,1.7691247671503911,0.29869804436086933,resnet32,0.4483,0.441,2.0690707014026968,1.7750017243352803,0.29406897772357543,13500000.0,5000.0,54010000.0,3240600000.0,25924800000.0
resnet32x8_cifar100_K8_mwmd3_seed0001_d001,d001,resnet32:8,cifar100,8,matched,mwmd3,peers,1,200,64,0.1,0.9,0.0005,True,0,60,0.1,1.0,3,,disagreement,1.0,1,0.0,0.5,weight,complete,0.0,0.0,42,0,45000,5000,10000,3760032,60,0.010000000000000002,3,121.89,0.6283875,0.0030856269622234127,0.6233,0.6349,0.6466,0.018212499999999965,0.61925,0.6432,0.2135785714285714,0.7575610508756724,0.21090000000000003,0.7607219093806001,0.6283875,resnet32,0.6275,0.6194,1.5189366539601574,1.3548731231553988,0.1640635321170769,resnet32,0.6291,0.6102,1.5182163898240437,1.3561140844090418,0.16210230669557033,resnet32,0.6233,0.6132,1.5301012804054401,1.3660716861486435,0.16402959641577167,resnet32,0.6349,0.6256,1.4930640697817912,1.3290455458177761,0.16401852371001785,resnet32,0.6274,0.6214,1.5134829295460472,1.351358401758427,0.16212452607314018,resnet32,0.628,0.6246,1.501126789572564,1.3390194871039554,0.16210730144203725,resnet32,0.6268,0.6198,1.5163623448461294,1.3538206060501663,0.16254174024586313,resnet32,0.6301,0.6198,1.5118143329904838,1.349818305281753,0.16199602811089295,13500000.0,5000.0,54010000.0,3294610000.0,26356880000.0
resnet32x8_cifar100_K8_mwmd3_seed0001_d001,d001,resnet32:8,cifar100,8,matched,mwmd3,peers,1,200,64,0.1,0.9,0.0005,True,0,60,0.1,1.0,3,,disagreement,1.0,1,0.0,0.5,weight,complete,0.0,0.0,42,0,45000,5000,10000,3760032,61,0.010000000000000002,3,121.92,0.634225,0.0024681724007856658,0.6304,0.6377,0.6558,0.02157500000000001,0.6243749999999999,0.6438,0.2115357142857143,0.7575940734547855,0.21377499999999997,0.7499756012056721,0.634225,resnet32,0.6339,0.63,1.37799439587715,1.2193439844995737,0.15865041205490177,resnet32,0.6323,0.62,1.3739558604799889,1.2168204189193519,0.1571354424602098,resnet32,0.6355,0.6204,1.3950814855369655,1.2320689884099094,0.163012497021224,resnet32,0.6377,0.6264,1.355318539775908,1.1938807239586657,0.16143781356301837,resnet32,0.6314,0.626,1.377218376929787,1.2196237982504747,0.15759458057370715,resnet32,0.6304,0.6256,1.3615499375049362,1.2027242414822632,0.15882569514426656,resnet32,0.6363,0.6228,1.3750218379903922,1.2162794839082793,0.15874235509810122,resnet32,0.6363,0.6238,1.3797748770395464,1.2149482051079923,0.16482667159289122,13500000.0,5000.0,54010000.0,3348620000.0,26788960000.0
resnet32x8_cifar100_K8_mwmd3_seed0001_d001,d001,resnet32:8,cifar100,8,matched,mwmd3,peers,1,200,64,0.1,0.9,0.0005,True,0,60,0.1,1.0,3,,disagreement,1.0,1,0.0,0.5,weight,complete,0.0,0.0,42,0,45000,5000,10000,3760032,62,0.010000000000000002,3,122.07,0.645375,0.005086931786450447,0.6378,0.6553,0.6652,0.01982499999999998,0.63655,0.6592,0.20945000000000005,0.7466940646640481,0.20995714285714287,0.7485633362297799,0.645375,resnet32,0.6393,0.6332,1.334417399273,1.1686721389943904,0.16574525789738717,resnet32,0.6445,0.6302,1.3291103136302396,1.1635328260335056,0.16557748851747336,resnet32,0.6378,0.6312,1.351130367764695,1.1819472643123432,0.1691830998540602,resnet32,0.6553,0.6412,1.3041243819858541,1.1419051166793162,0.16221926458687944,resnet32,0.6447,0.6384,1.326823072084649,1.1646989383311435,0.16212413480124352,resnet32,0.6486,0.637,1.3126459716903893,1.1507037800144067,0.16194219070232727,resnet32,0.6469,0.6412,1.3267160598188639,1.1629259128292853,0.16379014658741653,resnet32,0.6459,0.64,1.3327437752688474,1.1662071765485136,0.16653659866741774,13500000.0,5000.0,54010000.0,3402630000.0,27221040000.0
resnet32x8_cifar100_K8_mwmd3_seed0001_d001,d001,resnet32:8,cifar100,8,matched,mwmd3,peers,1,200,64,0.1,0.9,0.0005,True,0,60,0.1,1.0,3,,disagreement,1.0,1,0.0,0.5,weight,complete,0.0,0.0,42,0,45000,5000,10000,3760032,63,0.010000000000000002,3,123.15,0.646075,0.0035758740190336724,0.6424,0.6532,0.6703,0.024225000000000052,0.641675,0.6686,0.2156357142857143,0.7343896652978685,0.21487857142857147,0.7452189027268492,0.646075,resnet32,0.6434,0.6434,1.30846325003288,1.1372933967716314,0.17116985337766397,resnet32,0.6472,0.6446,1.3044903809204698,1.1334657923911104,0.1710245879261162,resnet32,0.6429,0.6408,1.3276110551404683,1.1526807887818327,0.17493026876102455,resnet32,0.6532,0.641,1.2780600699850104,1.1103602526709437,0.16769981940954246,resnet32,0.6432,0.639,1.301494618793103,1.1318449217148803,0.16964969677130945,resnet32,0.647,0.6438,1.282418459992517,1.1158831883221865,0.16653527034742927,resnet32,0.6493,0.642,1.3003907713361762,1.1307800222526898,0.16961074833207848,resnet32,0.6424,0.6388,1.3069931546395475,1.1344827305186878,0.17251042584592308,13500000.0,5000.0,54010000.0,3456640000.0,27653120000.0
resnet32x8_cifar100_K8_mwmd3_seed0001_d001,d001,resnet32:8,cifar100,8,matched,mwmd3,peers,1,200,64,0.1,0.9,0.0005,True,0,60,0.1,1.0,3,,disagreement,1.0,1,0.0,0.5,weight,complete,0.0,0.0,42,0,45000,5000,10000,3760032,64,0.010000000000000002,3,122.18,0.6510625,0.0036793129453744564,0.6436,0.6551,0.674,0.022937500000000055,0.642925,0.6686,0.22669999999999998,0.719953672742113,0.22366785714285714,0.7277787171936962,0.6510625,resnet32,0.6468,0.6374,1.2881704965944996,1.1124595542522995,0.17571094162254172,resnet32,0.6507,0.6472,1.282930709336969,1.1082842906259678,0.17464641948357562,resnet32,0.6436,0.6378,1.3042245662178507,1.1239761484956199,0.1802484175105664,resnet32,0.6523,0.6364,1.2586991433900865,1.0866632990708405,0.17203584500715474,resnet32,0.6527,0.6524,1.2869047296487472,1.1112555333159186,0.17564919476651333,resnet32,0.6551,0.6468,1.2634139474989339,1.0889246992936188,0.17448924709407782,resnet32,0.6541,0.6424,1.279735391451554,1.1057465893470428,0.17398880304641684,resnet32,0.6532,0.643,1.2896124806085771,1.109880425967276,0.1797320538052273,13500000.0,5000.0,54010000.0,3510650000.0,28085200000.0
resnet32x8_cifar100_K8_mwmd3_seed0001_d001,d001,resnet32:8,cifar100,8,matched,mwmd3,peers,1,200,64,0.1,0.9,0.0005,True,0,60,0.1,1.0,3,,disagreement,1.0,1,0.0,0.5,weight,complete,0.0,0.0,42,0,45000,5000,10000,3760032,65,0.010000000000000002,3,121.92,0.6501250000000001,0.0029861136950893293,0.6464,0.6534,0.6783,0.02817499999999995,0.641875,0.6662,0.2263285714285714,0.7282931708017862,0.22555357142857144,0.7263492723464317,0.6501250000000001,resnet32,0.6481,0.6396,1.2771396642042832,1.0950722452253103,0.18206741944463414,resnet32,0.6464,0.641,1.2739709431982853,1.0905125122517347,0.18345843109471555,resnet32,0.6528,0.6414,1.293513666753742,1.1075020197101615,0.18601164609109136,resnet32,0.6532,0.6406,1.251824640330266,1.0674592889845371,0.18436535141981122,resnet32,0.647,0.6418,1.2760509822348303,1.0904691120270977,0.18558187135071916,resnet32,0.6529,0.6504,1.2626745714382692,1.077706153335219,0.18496842129917984,resnet32,0.6472,0.6392,1.2686949405311183,1.0856248762627894,0.18307006268084727,resnet32,0.6534,0.641,1.2776161904700778,1.0931526884775271,0.18446350065906617,13500000.0,5000.0,54010000.0,3564660000.0,28517280000.0
resnet32x8_cifar100_K8_mwmd3_seed0001_d001,d001,resnet32:8,cifar100,8,matched,mwmd3,peers,1,200,64,0.1,0.9,0.0005,True,0,60,0.1,1.0,3,,disagreement,1.0,1,0.0,0.5,weight,complete,0.0,0.0,42,0,45000,5000,10000,3760032,66,0.010000000000000002,3,121.79,0.6537875,0.0050068546763412,0.6458,0.6626,0.6806,0.026812500000000017,0.64515,0.6756,0.23330000000000006,0.7090856865416499,0.22789642857142853,0.7197913403520081,0.6537875,resnet32,0.6524,0.645,1.2692576626485044,1.0808603214100003,0.1883973399685188,resnet32,0.6498,0.6426,1.268690132281997,1.0778375574472276,0.19085257411511106,resnet32,0.6458,0.6368,1.2869730940596624,1.0932857243513519,0.19368737332776867,resnet32,0.6626,0.6496,1.241237852807072,1.053754043003375,0.1874838068403981,resnet32,0.6545,0.6472,1.266179352575405,1.0775591387328776,0.18862021393777634,resnet32,0.6541,0.65,1.2477028823711656,1.0592161328108474,0.18848675284111363,resnet32,0.6597,0.6452,1.2612399792468005,1.0717697666788644,0.1894702124832706,resnet32,0.6514,0.6448,1.2704994340681217,1.0784186905419284,0.19208074469034644,13500000.0,5000.0,54010000.0,3618670000.0,28949360000.0
resnet32x8_cifar100_K8_mwmd3_seed0001_d001,d001,resnet32:8,cifar100,8,matched,mwmd3,peers,1,200,64,0.1,0.9,0.0005,True,0,60,0.1,1.0,3,,disagreement,1.0,1,0.0,0.5,weight,complete,0.0,0.0,42,0,45000,5000,10000,3760032,67,0.010000000000000002,3,121.95,0.6488875000000001,0.005123338145194005,0.6414,0.6567,0.6762,0.027312499999999962,0.6454,0.6738,0.23397857142857142,0.7144155198941577,0.23539642857142856,0.714482946235288,0.6488875000000001,resnet32,0.646,0.6384,1.260831880552525,1.0629859131506898,0.19784596693617376,resnet32,0.6567,0.6444,1.2549635451287031,1.0593430197543718,0.19562052440067584,resnet32,0.6414,0.636,1.280399769883264,1.0809534586627374,0.19944631194018506,resnet32,0.6561,0.6544,1.2312483709644189,1.0365915980020708,0.19465677347034216,resnet32,0.6439,0.6476,1.2567971921102568,1.0608600036833773,0.1959371882152151,resnet32,0.6489,0.6482,1.2413540928709237,1.0458904702047056,0.19546362264505165,resnet32,0.651,0.648,1.252770516936752,1.0571453053165565,0.19562520963055166,resnet32,0.6471,0.6462,1.2535620888017796,1.0570707934993235,0.1964912942758846,13500000.0,5000.0,54010000.0,3672680000.0,29381440000.0
resnet32x8_cifar100_K8_mwmd3_seed0001_d001,d001,resnet32:8,cifar100,8,matched,mwmd3,peers,1,200,64,0.1,0.9,0.0005,True,0,60,0.1,1.0,3,,disagreement,1.0,1,0.0,0.5,weight,complete,0.0,0.0,42,0,45000,5000,10000,3760032,68,0.010000000000000002,3,121.74,0.6518625,0.005681315318656427,0.6412,0.6599,0.6829,0.03103749999999994,0.6447499999999999,0.6746,0.24048571428571425,0.7004025089935232,0.24072142857142853,0.7023421284834994,0.6518625,resnet32,0.6491,0.6368,1.258454362607815,1.0542534873397513,0.20420087691904468,resnet32,0.65,0.6392,1.2552125026387246,1.0533562496473843,0.201856256081638,resnet32,0.6412,0.6352,1.2764795887368647,1.0710526720028033,0.20542691597207027,resnet32,0.6559,0.6492,1.2290787676518613,1.0275582842190156,0.20152048408900472,resnet32,0.6475,0.6452,1.2505598530511965,1.0502621155570855,0.20029773721894759,resnet32,0.6572,0.6592,1.2348800509829412,1.0340096594088457,0.20087038992311468,resnet32,0.6541,0.6432,1.2486634263768792,1.0468396924605423,0.20182373207485813,resnet32,0.6599,0.65,1.2576662378216332,1.0539408310909162,0.20372540814886717,13500000.0,5000.0,54010000.0,3726690000.0,29813520000.0
resnet32x8_cifar100_K8_mwmd3_seed0001_d001,d001,resnet32:8,cifar100,8,matched,mwmd3,peers,1,200,64,0.1,0.9,0.0005,True,0,60,0.1,1.0,3,,disagreement,1.0,1,0.0,0.5,weight,complete,0.0,0.0,42,0,45000,5000,10000,3760032,69,0.010000000000000002,3,122.43,0.6505875,0.003555783141587822,0.646,0.6568,0.6833,0.03271250000000003,0.6442,0.6752,0.24157857142857136,0.6993723956124029,0.2404142857142857,0.7062196679401643,0.6505875,resnet32,0.646,0.6394,1.2551331535320391,1.0488903189755299,0.20624283559366383,resnet32,0.6501,0.639,1.2527984224090523,1.0466442847285757,0.2061541386752982,resnet32,0.6538,0.6448,1.2749154711650177,1.0636753444136544,0.21124012558721006,resnet32,0.6539,0.648,1.2313225276090882,1.0239233627746052,0.20739916350099852,resnet32,0.6568,0.6566,1.2533471098339015,1.0466125236654824,0.2067345847926018,resnet32,0.6485,0.6434,1.2348839732902972,1.028086955235763,0.20679701790636915,resnet32,0.6476,0.6414,1.2466001532633195,1.040848525071686,0.20575162733439356,resnet32,0.648,0.641,1.254963343455033,1.0443460335955024,0.21061730947853488,13500000.0,5000.0,54010000.0,3780700000.0,30245600000.0
resnet32x8_cifar100_K8_mwmd3_seed0001_d001,d001,resnet32:8,cifar100,8,matched,mwmd3,peers,1,200,64,0.1,0.9,0.0005,True,0,60,0.1,1.0,3,,disagreement,1.0,1,0.0,0.5,weight,complete,0.0,0.0,42,0,45000,5000,10000,3760032,70,0.010000000000000002,3,121.86,0.6473625000000001,0.0054076190463086425,0.6347,0.6538,0.6814,0.03403749999999994,0.64215,0.6778,0.25016428571428573,0.6873529899599913,0.24936785714285717,0.6945850415214245,0.6473625000000001,resnet32,0.6512,0.6406,1.254689085127955,1.0428856494413181,0.21180343699895524,resnet32,0.6347,0.6252,1.2517940672114491,1.040417297997258,0.211376769955016,resnet32,0.6465,0.6362,1.2698008403690024,1.0538196114145897,0.21598122963173824,resnet32,0.6498,0.6448,1.225926392711699,1.0156648689880967,0.21026152156462724,resnet32,0.6487,0.65,1.2531799320978196,1.0422801901163026,0.2108997405633669,resnet32,0.645,0.6454,1.233655640432103,1.0226361914961175,0.21101944902065126,resnet32,0.6538,0.6474,1.2449648117815906,1.0338439504531296,0.21112086035480554,resnet32,0.6492,0.6476,1.2550931540741161,1.0400072558021003,0.2150859011083164,13500000.0,5000.0,54010000.0,3834710000.0,30677680000.0
resnet32x8_cifar100_K8_mwmd3_seed0001_d001,d001,resnet32:8,cifar100,8,matched,mwmd3,peers,1,200,64,0.1,0.9,0.0005,True,0,60,0.1,1.0,3,,disagreement,1.0,1,0.0,0.5,weight,complete,0.0,0.0,42,0,45000,5000,10000,3760032,71,0.010000000000000002,3,123.51,0.6507625,0.005705027935952617,0.643,0.6626,0.6853,0.0345375,0.6424000000000001,0.68,0.24604999999999996,0.692869872870501,0.2495071428571429,0.6904571213186665,0.6507625,resnet32,0.653,0.6474,1.2558546809648925,1.0401355631818825,0.21571912009015,resnet32,0.643,0.6296,1.2494795457036658,1.0317628067833455,0.21771673968231137,resnet32,0.6507,0.639,1.267222286032682,1.047883442772383,0.21933884067799558,resnet32,0.6527,0.6418,1.2270908752794971,1.0115492724898187,0.21554160414432938,resnet32,0.6508,0.6482,1.2498091333122416,1.0358518736267632,0.21395725703967566,resnet32,0.6496,0.643,1.2324378975582393,1.018283936025744,0.2141539636068046,resnet32,0.6626,0.6522,1.2410479252311317,1.0262836033309048,0.21476432094773787,resnet32,0.6437,0.638,1.2513892661610788,1.03498222399503,0.216407041171227,13500000.0,5000.0,54010000.0,3888720000.0,31109760000.0
resnet32x8_cifar100_K8_mwmd3_seed0001_d001,d001,resnet32:8,cifar100,8,matched,mwmd3,peers,1,200,64,0.1,0.9,0.0005,True,0,60,0.1,1.0,3,,disagreement,1.0,1,0.0,0.5,weight,complete,0.0,0.0,42,0,45000,5000,10000,3760032,72,0.010000000000000002,3,121.64,0.6501875,0.0052493898454963215,0.6399,0.6564,0.6818,0.03161249999999993,0.6440999999999999,0.6772,0.2529428571428572,0.6860164815663685,0.25047857142857144,0.6874945669197937,0.6501875,resnet32,0.6471,0.6478,1.2579314290461214,1.0359129000624472,0.2220185280523517,resnet32,0.6459,0.643,1.2522627637636932,1.0276608559387652,0.2246019076132639,resnet32,0.6523,0.6388,1.2680907042866403,1.043073887344111,0.22501681596887382,resnet32,0.656,0.6444,1.2285961435091766,1.0080756663598798,0.2205204766836356,resnet32,0.6506,0.6514,1.2489426052197814,1.0276700668036938,0.22127254051156342,resnet32,0.6564,0.6446,1.235035912472416,1.0160590395839377,0.21897687231698496,resnet32,0.6533,0.648,1.247220285914161,1.0258184022862802,0.22140188324688512,resnet32,0.6399,0.6348,1.255901613188061,1.0300662479871376,0.22583536585708233,13500000.0,5000.0,54010000.0,3942730000.0,31541840000.0
resnet32x8_cifar100_K8_mwmd3_seed0001_d001,d001,resnet32:8,cifar100,8,matched,mwmd3,peers,1,200,64,0.1,0.9,0.0005,True,0,60,0.1,1.0,3,,disagreement,1.0,1,0.0,0.5,weight,complete,0.0,0.0,42,0,45000,5000,10000,3760032,73,0.010000000000000002,3,121.8,0.6514000000000001,0.005637818727131975,0.6452,0.6652,0.6861,0.03469999999999995,0.6443,0.6754,0.25055000000000005,0.6811040642919012,0.25380714285714284,0.6816100204522585,0.6514000000000001,resnet32,0.6452,0.6428,1.2490144005383959,1.0256843391636556,0.22333006190390073,resnet32,0.6489,0.6466,1.2512544878673824,1.0252613340589134,0.22599315317347646,resnet32,0.6488,0.638,1.2685136126185006,1.0406535555693237,0.2278600578111681,resnet32,0.6652,0.6586,1.2289068623530595,1.0040676616640254,0.22483920111236247,resnet32,0.648,0.6434,1.2498407335951924,1.0224731913344427,0.22736754177392207,resnet32,0.6511,0.6372,1.224394286474721,1.0022752335803076,0.22211905147626318,resnet32,0.6521,0.6422,1.2439486047422343,1.019654387438839,0.2242942180865529,resnet32,0.6519,0.6456,1.253995050083507,1.0266226767985658,0.22737237487242304,13500000.0,5000.0,54010000.0,3996740000.0,31973920000.0
resnet32x8_cifar100_K8_mwmd3_seed0001_d001,d001,resnet32:8,cifar100,8,matched,mwmd3,peers,1,200,64,0.1,0.9,0.0005,True,0,60,0.1,1.0,3,,disagreement,1.0,1,0.0,0.5,weight,complete,0.0,0.0,42,0,45000,5000,10000,3760032,74,0.010000000000000002,3,123.31,0.648175,0.006877090591231138,0.6371,0.6594,0.6867,0.03852500000000003,0.6414,0.682,0.2698642857142858,0.6671514676897036,0.2655785714285715,0.6756666344554141,0.648175,resnet32,0.6445,0.6318,1.2637212473729795,1.0307232171127743,0.23299803320233795,resnet32,0.6472,0.6402,1.2572332996536384,1.0252377571199427,0.23199554221619936,resnet32,0.6371,0.6372,1.2723551450974562,1.037102609364824,0.2352525370449505,resnet32,0.6594,0.6512,1.226550072770227,0.9978969405320558,0.2286531324075027,resnet32,0.6473,0.6414,1.25085286245766,1.0222459436309608,0.22860691916536202,resnet32,0.6418,0.6382,1.237141070972112,1.0064263610507955,0.23071471089497209,resnet32,0.6556,0.6446,1.2504479424519972,1.0201888056471944,0.23025913750329477,resnet32,0.6525,0.6466,1.2590748565271497,1.0253622707995502,0.23371258394962008,13500000.0,5000.0,54010000.0,4050750000.0,32406000000.0
resnet32x8_cifar100_K8_mwmd3_seed0001_d001,d001,resnet32:8,cifar100,8,matched,mwmd3,peers,1,200,64,0.1,0.9,0.0005,True,0,60,0.1,1.0,3,,disagreement,1.0,1,0.0,0.5,weight,complete,0.0,0.0,42,0,45000,5000,10000,3760032,75,0.010000000000000002,3,122.18,0.648375,0.007234595703976815,0.6357,0.66,0.6839,0.03552499999999992,0.64205,0.6788,0.2593285714285714,0.6765974769473019,0.25415,0.6849436142633623,0.648375,resnet32,0.646,0.6368,1.2560493273829871,1.0216944998299533,0.23435482746836814,resnet32,0.6474,0.6414,1.2531380615281789,1.0190339002927595,0.23410415856845,resnet32,0.6357,0.6336,1.2732402071864768,1.0367636735635726,0.23647653209892186,resnet32,0.66,0.6514,1.229986803521487,0.9956201551566747,0.23436664853414352,resnet32,0.646,0.6404,1.2555835407904603,1.0212327096272598,0.23435083124786615,resnet32,0.6503,0.6476,1.2354246935891835,1.001039893197065,0.2343847995454615,resnet32,0.6577,0.6466,1.246556974778121,1.0120664569125934,0.23449051720936867,resnet32,0.6439,0.6386,1.2592502966184507,1.0227271232923323,0.23652317353778265,13500000.0,5000.0,54010000.0,4104760000.0,32838080000.0
resnet32x8_cifar100_K8_mwmd3_seed0001_d001,d001,resnet32:8,cifar100,8,matched,mwmd3,peers,1,200,64,0.1,0.9,0.0005,True,0,60,0.1,1.0,3,,disagreement,1.0,1,0.0,0.5,weight,complete,0.0,0.0,42,0,45000,5000,10000,3760032,76,0.010000000000000002,3,121.86,0.6358625,0.006235771303535766,0.6242,0.646,0.6796,0.043737499999999985,0.628725,0.6742,0.28583571428571425,0.6520019668020615,0.2849,0.65730304836442,0.6358625,resnet32,0.646,0.633,1.2601976262574845,1.0211928369138727,0.23900478921661322,resnet32,0.637,0.6302,1.2571484039283611,1.0169436723332514,0.24020473019812594,resnet32,0.6311,0.625,1.2739028232172132,1.0322362124411897,0.24166660914620894,resnet32,0.6418,0.6316,1.2290826509283348,0.9918190024115823,0.2372636487072503,resnet32,0.6385,0.638,1.2559070008044892,1.0167081203650346,0.2391988807781176,resnet32,0.6345,0.6322,1.2373697136274793,1.0020992953160948,0.23527041867121376,resnet32,0.6338,0.6312,1.250590075738728,1.0137036894024773,0.23688638709824195,resnet32,0.6242,0.6086,1.2569027668373152,1.0176461918110198,0.23925657547079027,13500000.0,5000.0,54010000.0,4158770000.0,33270160000.0
resnet32x8_cifar100_K8_mwmd3_seed0001_d001,d001,resnet32:8,cifar100,8,matched,mwmd3,peers,1,200,64,0.1,0.9,0.0005,True,0,60,0.1,1.0,3,,disagreement,1.0,1,0.0,0.5,weight,complete,0.0,0.0,42,0,45000,5000,10000,3760032,77,0.010000000000000002,3,121.95,0.6454,0.007696427742790817,0.6329,0.6549,0.685,0.03960000000000008,0.6399,0.6798,0.27003571428571427,0.6662299647981907,0.26743214285714284,0.6734597953777589,0.6454,resnet32,0.6331,0.6342,1.2633062661202117,1.0219657141715288,0.2413405500225384,resnet32,0.6329,0.6288,1.2562642815438183,1.0172945093363523,0.2389697706411508,resnet32,0.6462,0.6402,1.2761599768630483,1.0313020570372993,0.244857919275422,resnet32,0.6549,0.6464,1.235698720355603,0.9940943660383875,0.24160435662435537,resnet32,0.651,0.6464,1.260004305026748,1.0201004503125495,0.23990385378287596,resnet32,0.6466,0.6428,1.23832306265831,0.9958638142455708,0.24245924955572595,resnet32,0.6518,0.6368,1.2504462651400403,1.0111705480482092,0.23927571743049406,resnet32,0.6467,0.6436,1.2591920178383589,1.0155249795114452,0.24366703946990045,13500000.0,5000.0,54010000.0,4212780000.0,33702240000.0
resnet32x8_cifar100_K8_mwmd3_seed0001_d001,d001,resnet32:8,cifar100,8,matched,mwmd3,peers,1,200,64,0.1,0.9,0.0005,True,0,60,0.1,1.0,3,,disagreement,1.0,1,0.0,0.5,weight,complete,0.0,0.0,42,0,45000,5000,10000,3760032,78,0.010000000000000002,3,121.89,0.6411375,0.008235887550835087,0.6212,0.6478,0.6793,0.03816249999999999,0.6363,0.6762,0.2723071428571428,0.6595974770648647,0.27014642857142857,0.6700952200332163,0.6411375,resnet32,0.639,0.6362,1.2632993993942032,1.0220806768841364,0.24121872358955443,resnet32,0.6385,0.6386,1.2584796127101237,1.0166757399724289,0.24180387460034003,resnet32,0.6212,0.611,1.2728029004382817,1.027318747121502,0.24548415501009335,resnet32,0.6438,0.6374,1.2390439883721145,0.993813949891112,0.24523003909482874,resnet32,0.6478,0.6464,1.2553376996551047,1.0135689204220066,0.24176878219639714,resnet32,0.6477,0.6444,1.2433713151311332,1.0009695101868024,0.2424018046480011,resnet32,0.6453,0.6376,1.2495049660686741,1.0071993941779842,0.2423055701550435,resnet32,0.6458,0.6388,1.2599202242087235,1.0167943182486026,0.24312590646811508,13500000.0,5000.0,54010000.0,4266790000.0,34134320000.0
resnet32x8_cifar100_K8_mwmd3_seed0001_d001,d001,resnet32:8,cifar100,8,matched,mwmd3,peers,1,200,64,0.1,0.9,0.0005,True,0,60,0.1,1.0,3,,disagreement,1.0,1,0.0,0.5,weight,complete,0.0,0.0,42,0,45000,5000,10000,3760032,79,0.010000000000000002,3,121.96,0.649675,0.005116334136860082,0.6407,0.6563,0.6872,0.03752500000000003,0.639775,0.6788,0.27054999999999996,0.6641057416672587,0.2672250000000001,0.6690434023203308,0.649675,resnet32,0.6407,0.6378,1.2605785618282177,1.016131277280775,0.24444728552109815,resnet32,0.642,0.6308,1.2611169851469723,1.0119443049823695,0.2491726824929091,resnet32,0.6497,0.64,1.2754501765593886,1.0255821392109448,0.24986803679811684,resnet32,0.6526,0.644,1.2358330240134487,0.9889762672511014,0.24685675506903368,resnet32,0.6513,0.6374,1.2608053263446146,1.0135322639041326,0.24727306451479142,resnet32,0.6563,0.648,1.2379747331989082,0.991942985237322,0.2460317485754124,resnet32,0.6523,0.642,1.2530819527296857,1.0089500228959052,0.24413192919878798,resnet32,0.6525,0.6382,1.2614098540930585,1.0131065540693023,0.24830330254256047,13500000.0,5000.0,54010000.0,4320800000.0,34566400000.0
resnet32x8_cifar100_K8_mwmd3_seed0001_d001,d001,resnet32:8,cifar100,8,matched,mwmd3,peers,1,200,64,0.1,0.9,0.0005,True,0,60,0.1,1.0,3,,disagreement,1.0,1,0.0,0.5,weight,complete,0.0,0.0,42,0,45000,5000,10000,3760032,80,0.010000000000000002,3,122.1,0.6495375000000001,0.003798005233013765,0.6431,0.6542,0.689,0.039462499999999845,0.64465,0.6804,0.2672285714285714,0.6632071749434368,0.2605857142857143,0.6768649328686204,0.6495375000000001,resnet32,0.6514,0.6534,1.267688561992889,1.0163065816529773,0.25138198025524616,resnet32,0.651,0.649,1.2626129251650788,1.012499844316732,0.2501130813351748,resnet32,0.6499,0.6452,1.2819221500645985,1.0292636834254318,0.2526584704279561,resnet32,0.6542,0.6466,1.2360700320621782,0.9869870262389834,0.24908300366421993,resnet32,0.6492,0.6422,1.260822325013578,1.010192364792932,0.2506299634379419,resnet32,0.6535,0.641,1.2424544878304005,0.9942241817374121,0.24823030683381314,resnet32,0.6431,0.6422,1.2557464956559918,1.007977991703559,0.24776850327510724,resnet32,0.644,0.6376,1.2643470529636198,1.013673841868612,0.2506732123438269,13500000.0,5000.0,54010000.0,4374810000.0,34998480000.0
resnet32x8_cifar100_K8_mwmd3_seed0001_d001,d001,resnet32:8,cifar100,8,matched,mwmd3,peers,1,200,64,0.1,0.9,0.0005,True,0,60,0.1,1.0,3,,disagreement,1.0,1,0.0,0.5,weight,complete,0.0,0.0,42,0,45000,5000,10000,3760032,81,0.010000000000000002,3,121.92,0.648,0.005140768425050884,0.64,0.6568,0.6879,0.039899999999999936,0.64405,0.6806,0.26196428571428576,0.6736843085976741,0.2630428571428572,0.6728609316982606,0.648,resnet32,0.64,0.6338,1.2621882507069544,1.0134436284953898,0.24874462231739677,resnet32,0.6424,0.646,1.2540563209490343,1.004546088166535,0.24951023331165992,resnet32,0.6478,0.6392,1.27503398289396,1.0220687546005303,0.2529652278277684,resnet32,0.6568,0.6544,1.228942091322758,0.9806227759373459,0.24831931688822806,resnet32,0.6453,0.6426,1.2495584572580727,0.9989795096387918,0.25057894871993497,resnet32,0.6485,0.637,1.2365312470461836,0.9874218596484173,0.24910938447679987,resnet32,0.6532,0.6498,1.24730123503303,0.9998100806366313,0.24749115649187428,resnet32,0.65,0.6496,1.2553461845964193,1.0021561458706856,0.25319003929722717,13500000.0,5000.0,54010000.0,4428820000.0,35430560000.0
resnet32x8_cifar100_K8_mwmd3_seed0001_d001,d001,resnet32:8,cifar100,8,matched,mwmd3,peers,1,200,64,0.1,0.9,0.0005,True,0,60,0.1,1.0,3,,disagreement,1.0,1,0.0,0.5,weight,complete,0.0,0.0,42,0,45000,5000,10000,3760032,82,0.010000000000000002,3,123.01,0.64915,0.008372275676302122,0.635,0.6599,0.6928,0.04364999999999997,0.6382,0.6812,0.27852857142857146,0.6572315415587404,0.27242142857142854,0.6571241702041941,0.64915,resnet32,0.6482,0.636,1.2553228540346026,1.0049530332061378,0.2503698173360052,resnet32,0.6488,0.6396,1.2541789083995603,0.999023375524716,0.2551555340389975,resnet32,0.635,0.6292,1.2674783646044405,1.0129640847444534,0.25451427801850846,resnet32,0.6599,0.642,1.2326159249483184,0.980379802767526,0.2522361247630959,resnet32,0.6374,0.6298,1.2561673208732496,1.0036463005976244,0.25252102194777265,resnet32,0.6563,0.6436,1.2409407449039547,0.9889294343407858,0.2520113082136959,resnet32,0.6514,0.6362,1.2499051801013676,0.9965527348051016,0.25335244478827174,resnet32,0.6562,0.6492,1.2556010800498454,1.0019705546173183,0.2536305258135227,13500000.0,5000.0,54010000.0,4482830000.0,35862640000.0
resnet32x8_cifar100_K8_mwmd3_seed0001_d001,d001,resnet32:8,cifar100,8,matched,mwmd3,peers,1,200,64,0.1,0.9,0.0005,True,0,60,0.1,1.0,3,,disagreement,1.0,1,0.0,0.5,weight,complete,0.0,0.0,42,0,45000,5000,10000,3760032,83,0.010000000000000002,3,121.83,0.6502375,0.004138821541211935,0.6432,0.6558,0.6896,0.03936249999999997,0.64635,0.6868,0.27205714285714283,0.658902693161097,0.26898214285714284,0.6669627173290135,0.6502375,resnet32,0.6533,0.6464,1.2573175961998375,1.0013194832612167,0.25599811325611715,resnet32,0.6432,0.6416,1.2543643862009048,0.9973862146620046,0.2569781723643907,resnet32,0.6501,0.646,1.272084141658111,1.0153864596716382,0.25669768249446695,resnet32,0.6547,0.6492,1.2320152273909613,0.9791042613373562,0.2529109675987539,resnet32,0.6458,0.6354,1.2544240772046826,1.0007474234497005,0.2536766543688083,resnet32,0.6558,0.6562,1.2320973918011242,0.9804997239261866,0.25159766552546486,resnet32,0.6477,0.646,1.2473177482289346,0.9921790711073712,0.25513867792588746,resnet32,0.6513,0.65,1.2509882098741152,0.9942987993020903,0.25668941002169793,13500000.0,5000.0,54010000.0,4536840000.0,36294720000.0
resnet32x8_cifar100_K8_mwmd3_seed0001_d001,d001,resnet32:8,cifar100,8,matched,mwmd3,peers,1,200,64,0.1,0.9,0.0005,True,0,60,0.1,1.0,3,,disagreement,1.0,1,0.0,0.5,weight,complete,0.0,0.0,42,0,45000,5000,10000,3760032,84,0.010000000000000002,3,123.51,0.6487624999999999,0.00664867232987157,0.6362,0.6576,0.6903,0.041537500000000116,0.6435500000000001,0.6844,0.26953571428571427,0.6644294638327557,0.2703857142857143,0.6685087958269512,0.6487624999999999,resnet32,0.6432,0.6384,1.254840545271608,0.9947039410471916,0.2601366027004339,resnet32,0.6547,0.648,1.2517337832091884,0.9937367233532396,0.25799705896695907,resnet32,0.6362,0.6326,1.2667204965413972,1.0061012364246629,0.2606192622122101,resnet32,0.6576,0.6522,1.2257875473323194,0.9691805124960162,0.256607034730471,resnet32,0.6448,0.6402,1.2538627436892553,0.99710901200094,0.25675373092632403,resnet32,0.6512,0.6496,1.239032238637182,0.9803588552908464,0.25867338241501286,resnet32,0.6482,0.6434,1.2468412846157497,0.9901575805111364,0.25668370457027445,resnet32,0.6542,0.644,1.2494534438645297,0.9935869334096258,0.2558665108993988,13500000.0,5000.0,54010000.0,4590850000.0,36726800000.0
resnet32x8_cifar100_K8_mwmd3_seed0001_d001,d001,resnet32:8,cifar100,8,matched,mwmd3,peers,1,200,64,0.1,0.9,0.0005,True,0,60,0.1,1.0,3,,disagreement,1.0,1,0.0,0.5,weight,complete,0.0,0.0,42,0,45000,5000,10000,3760032,85,0.010000000000000002,3,124.8,0.6516375,0.006515546312474514,0.6386,0.662,0.6911,0.03946250000000007,0.643175,0.684,0.26927142857142855,0.6606868751579177,0.26567500000000005,0.6693377722918022,0.6516375,resnet32,0.6462,0.636,1.256031995893202,0.9985332438214258,0.25749875336292793,resnet32,0.6532,0.6526,1.2550728776576845,0.9940677694129673,0.26100510627623985,resnet32,0.6386,0.6322,1.2686756994067268,1.0055359976196832,0.2631397021468729,resnet32,0.662,0.6486,1.2314104149118066,0.9738426229662516,0.2575677938928658,resnet32,0.6541,0.6478,1.252053229730915,0.9936626015908339,0.2583906313997101,resnet32,0.6509,0.6464,1.2352636399763552,0.9765523027797992,0.2587113347624175,resnet32,0.6516,0.6402,1.2503840458494695,0.993876868435605,0.2565071777313609,resnet32,0.6565,0.6416,1.259943743236363,0.9962136835198511,0.26373006113466213,13500000.0,5000.0,54010000.0,4644860000.0,37158880000.0
resnet32x8_cifar100_K8_mwmd3_seed0001_d001,d001,resnet32:8,cifar100,8,matched,mwmd3,peers,1,200,64,0.1,0.9,0.0005,True,0,60,0.1,1.0,3,,disagreement,1.0,1,0.0,0.5,weight,complete,0.0,0.0,42,0,45000,5000,10000,3760032,86,0.010000000000000002,3,124.94,0.6350750000000001,0.010165474656896262,0.6208,0.6482,0.6858,0.05072499999999991,0.62765,0.6706,0.29352142857142866,0.6480341945809676,0.29118571428571427,0.650132921220914,0.6350750000000001,resnet32,0.6482,0.6286,1.2553276329893956,0.9972811537710103,0.2580464789220555,resnet32,0.6295,0.6318,1.251104922965169,0.9902501596476544,0.26085476168770005,resnet32,0.6271,0.6186,1.265415327454155,1.0003714249046012,0.2650439019780606,resnet32,0.6416,0.6376,1.226978231898763,0.9677295225926421,0.2592487105972726,resnet32,0.6478,0.6396,1.2563739885491403,0.9945276979018342,0.261846288678829,resnet32,0.6412,0.6362,1.2357734607701951,0.9782136740501631,0.25755978834984655,resnet32,0.6244,0.6126,1.2461037261580878,0.9846127879043872,0.2614909400316802,resnet32,0.6208,0.6162,1.2541223951530727,0.9900312244214795,0.2640911695251072,13500000.0,5000.0,54010000.0,4698870000.0,37590960000.0
resnet32x8_cifar100_K8_mwmd3_seed0001_d001,d001,resnet32:8,cifar100,8,matched,mwmd3,peers,1,200,64,0.1,0.9,0.0005,True,0,60,0.1,1.0,3,,disagreement,1.0,1,0.0,0.5,weight,complete,0.0,0.0,42,0,45000,5000,10000,3760032,87,0.010000000000000002,3,124.4,0.6513249999999999,0.008019312626403846,0.6365,0.6664,0.6949,0.04357500000000003,0.64815,0.6906,0.2712428571428571,0.6557474416353793,0.27030000000000004,0.6584883228865436,0.6513249999999999,resnet32,0.6365,0.6386,1.261552925221622,0.9987733956765045,0.26277953005311167,resnet32,0.65,0.6544,1.2567858254028992,0.9936587218703195,0.26312710503539577,resnet32,0.6452,0.6342,1.268569288182665,1.00503986726769,0.26352942239662464,resnet32,0.6664,0.6574,1.235336603173478,0.9734880203719843,0.26184858081185003,resnet32,0.6499,0.6424,1.253017508848147,0.9921373366801576,0.2608801733321426,resnet32,0.6535,0.6536,1.2384623020718044,0.9765729094770822,0.261889392637055,resnet32,0.654,0.6524,1.2446096969599074,0.9836610365151004,0.26094866036014125,resnet32,0.6551,0.6522,1.2581270925531334,0.9944807178425518,0.2636463769753887,13500000.0,5000.0,54010000.0,4752880000.0,38023040000.0
resnet32x8_cifar100_K8_mwmd3_seed0001_d001,d001,resnet32:8,cifar100,8,matched,mwmd3,peers,1,200,64,0.1,0.9,0.0005,True,0,60,0.1,1.0,3,,disagreement,1.0,1,0.0,0.5,weight,complete,0.0,0.0,42,0,45000,5000,10000,3760032,88,0.010000000000000002,3,122.98,0.6511,0.006479776230704252,0.6419,0.6623,0.6963,0.04520000000000002,0.6452,0.6876,0.2760928571428571,0.6531876703791017,0.2749357142857143,0.6526798414992598,0.6511,resnet32,0.6419,0.6376,1.2543962397189303,0.9902513074603948,0.2641449312848801,resnet32,0.6547,0.6536,1.2586122211915525,0.9929459934038195,0.26566622651774774,resnet32,0.643,0.6426,1.262936114841564,0.9978480472822081,0.26508806768635457,resnet32,0.6566,0.6368,1.2259651138870553,0.9649516101079908,0.2610135017047552,resnet32,0.6481,0.6438,1.2578549003228545,0.9930665749548511,0.26478832538916985,resnet32,0.6491,0.6456,1.240362475287508,0.9757204754278064,0.26464199943637307,resnet32,0.6531,0.642,1.2435759132389317,0.9815676302056421,0.2620082811283117,resnet32,0.6623,0.6596,1.2520226489075206,0.9890531455589966,0.26296950269236485,13500000.0,5000.0,54010000.0,4806890000.0,38455120000.0
resnet32x8_cifar100_K8_mwmd3_seed0001_d001,d001,resnet32:8,cifar100,8,matched,mwmd3,peers,1,200,64,0.1,0.9,0.0005,True,0,60,0.1,1.0,3,,disagreement,1.0,1,0.0,0.5,weight,complete,0.0,0.0,42,0,45000,5000,10000,3760032,89,0.010000000000000002,3,122.82,0.647775,0.004241977722713787,0.6401,0.6542,0.6927,0.04492499999999999,0.64345,0.6934,0.2803857142857143,0.6479824229203491,0.2785035714285714,0.6529473225255674,0.647775,resnet32,0.6508,0.6442,1.2573468703776598,0.9913633009418845,0.2659835679329593,resnet32,0.652,0.646,1.2542085496031425,0.9880288212814115,0.2661797285122289,resnet32,0.6401,0.6362,1.2724566036327318,1.0027979190715335,0.2696586835240437,resnet32,0.6542,0.6466,1.2281403252008287,0.9656729458577253,0.2624673786022785,resnet32,0.6459,0.6426,1.2569448817521334,0.9899587334049019,0.2669861498923803,resnet32,0.6471,0.6414,1.2325593686069956,0.9686442566188899,0.26391511535356665,resnet32,0.6442,0.6468,1.2470272472128272,0.9827117704871026,0.26431547748771583,resnet32,0.6479,0.6438,1.2596762148155407,0.9900191699747335,0.26965704528530215,13500000.0,5000.0,54010000.0,4860900000.0,38887200000.0
resnet32x8_cifar100_K8_mwmd3_seed0001_d001,d001,resnet32:8,cifar100,8,matched,mwmd3,peers,1,200,64,0.1,0.9,0.0005,True,0,60,0.1,1.0,3,,disagreement,1.0,1,0.0,0.5,weight,complete,0.0,0.0,42,0,45000,5000,10000,3760032,90,0.010000000000000002,3,122.74,0.6540375,0.006482849971270351,0.6401,0.662,0.7,0.045962499999999906,0.6468,0.687,0.27357857142857134,0.6525371457755441,0.27436785714285716,0.6515325876324886,0.6540375,resnet32,0.6591,0.6542,1.2464620116251437,0.9820276040753181,0.2644344074651599,resnet32,0.6586,0.6598,1.2382458064874464,0.9732857062904672,0.26496009998531506,resnet32,0.6401,0.635,1.2594889113679528,0.9940333302894776,0.26545558124780655,resnet32,0.6554,0.646,1.2269952342083508,0.9608910624784502,0.2661041720050641,resnet32,0.6512,0.6404,1.2485451823608442,0.9835976799103346,0.26494750401682476,resnet32,0.6498,0.642,1.2323811516504397,0.9681317452341318,0.26424940645864065,resnet32,0.662,0.6474,1.236615822142498,0.9735624848610975,0.2630533386148851,resnet32,0.6561,0.6496,1.2467627838592639,0.9780189532109282,0.2687438312833282,13500000.0,5000.0,54010000.0,4914910000.0,39319280000.0
resnet32x8_cifar100_K8_mwmd3_seed0001_d001,d001,resnet32:8,cifar100,8,matched,mwmd3,peers,1,200,64,0.1,0.9,0.0005,True,0,60,0.1,1.0,3,,disagreement,1.0,1,0.0,0.5,weight,complete,0.0,0.0,42,0,45000,5000,10000,3760032,91,0.010000000000000002,3,163.4,0.641,0.005265216044950087,0.6307,0.6475,0.6865,0.045499999999999985,0.6365000000000001,0.681,0.2925285714285714,0.6427680706099971,0.28966428571428565,0.6427331275868127,0.641,resnet32,0.6402,0.635,1.2530199217356064,0.9824922496283596,0.2705276699059389,resnet32,0.6388,0.6452,1.2473626580427994,0.9807396670803428,0.2666229938834228,resnet32,0.6307,0.6356,1.2574610882015391,0.9878852602771737,0.26957582646388223,resnet32,0.6411,0.632,1.2200428746979346,0.9531955030662093,0.2668473716317253,resnet32,0.6475,0.6386,1.2458346151662143,0.9788411575454202,0.26699345772662625,resnet32,0.6465,0.645,1.224695338528942,0.9579290861941196,0.2667662539646368,resnet32,0.6459,0.6336,1.2365649919956923,0.9706391366198659,0.2659258536613462,resnet32,0.6373,0.627,1.2435858043926684,0.9764628478071906,0.2671229549344968,13500000.0,5000.0,54010000.0,4968920000.0,39751360000.0
resnet32x8_cifar100_K8_mwmd3_seed0001_d001,d001,resnet32:8,cifar100,8,matched,mwmd3,peers,1,200,64,0.1,0.9,0.0005,True,0,60,0.1,1.0,3,,disagreement,1.0,1,0.0,0.5,weight,complete,0.0,0.0,42,0,45000,5000,10000,3760032,92,0.010000000000000002,3,122.31,0.6369250000000001,0.007340427439870261,0.6243,0.6463,0.6828,0.04587499999999989,0.6357250000000001,0.6818,0.28712857142857146,0.6419945732444401,0.2828178571428572,0.6531107727670813,0.6369250000000001,resnet32,0.6345,0.6368,1.246337566778741,0.9781302257694982,0.2682073414325714,resnet32,0.6383,0.6338,1.2409155903892084,0.9734744274650108,0.26744116216220637,resnet32,0.6295,0.63,1.256915505382825,0.9854760732163083,0.2714394318490205,resnet32,0.6338,0.6312,1.215171848169782,0.9495940271087668,0.265577822457999,resnet32,0.6243,0.615,1.2453529996458779,0.9783378378064795,0.2670151633422144,resnet32,0.6437,0.645,1.226526668633927,0.9597696630622853,0.2667570052118125,resnet32,0.6463,0.6454,1.2357343740083955,0.9696567641909827,0.2660776098385792,resnet32,0.645,0.6486,1.2418150957673788,0.970467845485969,0.27134724928658793,13500000.0,5000.0,54010000.0,5022930000.0,40183440000.0
resnet32x8_cifar100_K8_mwmd3_seed0001_d001,d001,resnet32:8,cifar100,8,matched,mwmd3,peers,1,200,64,0.1,0.9,0.0005,True,0,60,0.1,1.0,3,,disagreement,1.0,1,0.0,0.5,weight,complete,0.0,0.0,42,0,45000,5000,10000,3760032,93,0.010000000000000002,3,123.35,0.6400250000000001,0.006331617092023167,0.6296,0.6482,0.6842,0.044174999999999964,0.63965,0.6798,0.27904999999999996,0.6619778146988885,0.2830392857142857,0.6505547882573977,0.6400250000000001,resnet32,0.6425,0.6436,1.250079214657572,0.9805296986279163,0.26954951613548805,resnet32,0.6398,0.6426,1.244092294353653,0.9727083961902694,0.271383895073086,resnet32,0.6302,0.6354,1.2614125248722055,0.9895203345539895,0.2718921918633648,resnet32,0.6443,0.6404,1.2217150703072548,0.9523541056127711,0.26936096437698737,resnet32,0.6296,0.628,1.240939276038923,0.9737050473182038,0.26723422859372065,resnet32,0.6482,0.6456,1.22857836921784,0.9601512734185566,0.2684270956511186,resnet32,0.6449,0.6438,1.2389963867820122,0.9702848451720043,0.26871153858320956,resnet32,0.6407,0.6378,1.2471134131774306,0.9763887035237118,0.2707247099712152,13500000.0,5000.0,54010000.0,5076940000.0,40615520000.0
resnet32x8_cifar100_K8_mwmd3_seed0001_d001,d001,resnet32:8,cifar100,8,matched,mwmd3,peers,1,200,64,0.1,0.9,0.0005,True,0,60,0.1,1.0,3,,disagreement,1.0,1,0.0,0.5,weight,complete,0.0,0.0,42,0,45000,5000,10000,3760032,94,0.010000000000000002,3,122.7,0.6493249999999999,0.007108050013892686,0.6383,0.6597,0.6935,0.044175000000000075,0.644,0.6874,0.2794357142857143,0.6514627587702918,0.2782035714285715,0.6529061640505722,0.6493249999999999,resnet32,0.6437,0.6364,1.2443228547715328,0.9715311670337211,0.2727916879283095,resnet32,0.6383,0.6438,1.2386999802494592,0.9670735258101062,0.2716264552225105,resnet32,0.6419,0.6354,1.256030241366137,0.9830263324759223,0.2730039087208835,resnet32,0.6563,0.6414,1.2090226764028722,0.939787401817739,0.269235274923796,resnet32,0.6481,0.6428,1.2344097790562294,0.96707465313375,0.267335126705637,resnet32,0.6515,0.651,1.2207352734086188,0.9511340757493268,0.2696011982942847,resnet32,0.6597,0.6484,1.2317932707850228,0.9638839087195017,0.2679093628698452,resnet32,0.6551,0.6528,1.2336562375792048,0.9642104296521707,0.26944580851969396,13500000.0,5000.0,54010000.0,5130950000.0,41047600000.0
resnet32x8_cifar100_K8_mwmd3_seed0001_d001,d001,resnet32:8,cifar100,8,matched,mwmd3,peers,1,200,64,0.1,0.9,0.0005,True,0,60,0.1,1.0,3,,disagreement,1.0,1,0.0,0.5,weight,complete,0.0,0.0,42,0,45000,5000,10000,3760032,95,0.010000000000000002,3,122.97,0.6445125,0.004610704257486043,0.6399,0.6555,0.6916,0.04708749999999995,0.63585,0.6864,0.29364999999999997,0.6384521628498064,0.29163928571428566,0.6400317917694888,0.6445125,resnet32,0.6403,0.6258,1.2480763514441522,0.975234570574354,0.2728417811237953,resnet32,0.6555,0.6404,1.2370638256384567,0.9663732476024465,0.2706905791789971,resnet32,0.6424,0.6326,1.260667846707458,0.9861349958757107,0.2745328506624157,resnet32,0.6441,0.6348,1.2195862292904744,0.9471626500175758,0.2724235794210637,resnet32,0.645,0.6368,1.2412811041047627,0.9712205429307439,0.27006056147034874,resnet32,0.6399,0.6352,1.2323164767162367,0.9599480690773238,0.27236840774474497,resnet32,0.6428,0.638,1.2345973243936896,0.9660742792554877,0.2685230460060252,resnet32,0.6461,0.6432,1.240019164386798,0.9719336809251796,0.2680854845199395,13500000.0,5000.0,54010000.0,5184960000.0,41479680000.0
resnet32x8_cifar100_K8_mwmd3_seed0001_d001,d001,resnet32:8,cifar100,8,matched,mwmd3,peers,1,200,64,0.1,0.9,0.0005,True,0,60,0.1,1.0,3,,disagreement,1.0,1,0.0,0.5,weight,complete,0.0,0.0,42,0,45000,5000,10000,3760032,96,0.010000000000000002,3,122.39,0.64755,0.00689438177068837,0.6373,0.6579,0.6914,0.043850000000000056,0.6446000000000001,0.6922,0.2843785714285714,0.6380835546504985,0.2861357142857143,0.6498826671817669,0.64755,resnet32,0.6441,0.6422,1.2499958855861968,0.9777400759472088,0.27225580773400987,resnet32,0.6408,0.6412,1.2400697483257814,0.9668067835948684,0.2732629654505713,resnet32,0.6373,0.639,1.2621723543852568,0.987649689767171,0.2745226643429222,resnet32,0.6579,0.653,1.2217224744910544,0.9483652318065817,0.27335724408145656,resnet32,0.6496,0.6502,1.2468007167970592,0.9740506921132858,0.27275002377361734,resnet32,0.6492,0.6464,1.227314031513577,0.9563039654696529,0.27101006583226,resnet32,0.6443,0.6356,1.2390413044697859,0.9659199729053811,0.2731213304637508,resnet32,0.6572,0.6492,1.256340378302742,0.9781700357456099,0.2781703414353119,13500000.0,5000.0,54010000.0,5238970000.0,41911760000.0
resnet32x8_cifar100_K8_mwmd3_seed0001_d001,d001,resnet32:8,cifar100,8,matched,mwmd3,peers,1,200,64,0.1,0.9,0.0005,True,0,60,0.1,1.0,3,,disagreement,1.0,1,0.0,0.5,weight,complete,0.0,0.0,42,0,45000,5000,10000,3760032,97,0.010000000000000002,3,122.49,0.6479875,0.0065256106036140306,0.6346,0.6564,0.6948,0.046812499999999924,0.6455500000000001,0.6908,0.2828285714285714,0.6393762625939324,0.2849321428571429,0.6435930579661223,0.6479875,resnet32,0.6452,0.6456,1.2391913137821988,0.9670525347305969,0.272138781464574,resnet32,0.6463,0.6482,1.2366983551024036,0.9619607386941259,0.2747376160696149,resnet32,0.6528,0.6488,1.2509678773243318,0.9783045050942085,0.27266336911865935,resnet32,0.6564,0.6482,1.2114258637143807,0.9398657469586893,0.2715601169038564,resnet32,0.6346,0.6332,1.2336983298036186,0.9623287433589046,0.2713695864658803,resnet32,0.6441,0.6422,1.2167603524232453,0.9463738260621374,0.27038652574728156,resnet32,0.6539,0.6474,1.2231179600242863,0.9520544364879077,0.2710635229648853,resnet32,0.6506,0.6508,1.2328403487970883,0.9597329449077899,0.2731074044396254,13500000.0,5000.0,54010000.0,5292980000.0,42343840000.0
resnet32x8_cifar100_K8_mwmd3_seed0001_d001,d001,resnet32:8,cifar100,8,matched,mwmd3,peers,1,200,64,0.1,0.9,0.0005,True,0,60,0.1,1.0,3,,disagreement,1.0,1,0.0,0.5,weight,complete,0.0,0.0,42,0,45000,5000,10000,3760032,98,0.010000000000000002,3,123.0,0.6472625,0.007815999216351018,0.64,0.6658,0.6947,0.04743750000000002,0.644725,0.69,0.2902285714285715,0.6333841796276182,0.2885142857142857,0.6425936529544802,0.6472625,resnet32,0.6498,0.6458,1.252591303549707,0.9768932867287234,0.2756980169691484,resnet32,0.6411,0.6444,1.2471000662242824,0.9675733771344478,0.2795266890898347,resnet32,0.6432,0.6402,1.2655100383880464,0.985977628945627,0.2795324063097889,resnet32,0.6658,0.6576,1.2164070198989727,0.9417963794178583,0.2746106409044428,resnet32,0.6427,0.6464,1.2473532751371914,0.9734271627596833,0.27392611114985566,resnet32,0.6455,0.6434,1.2254250155423174,0.9488215219568122,0.27660349322567607,resnet32,0.64,0.642,1.2355425975031473,0.9579221903431144,0.2776204073716971,resnet32,0.65,0.638,1.241337396373803,0.9657051994211294,0.27563219906931574,13500000.0,5000.0,54010000.0,5346990000.0,42775920000.0
resnet32x8_cifar100_K8_mwmd3_seed0001_d001,d001,resnet32:8,cifar100,8,matched,mwmd3,peers,1,200,64,0.1,0.9,0.0005,True,0,60,0.1,1.0,3,,disagreement,1.0,1,0.0,0.5,weight,complete,0.0,0.0,42,0,45000,5000,10000,3760032,99,0.010000000000000002,3,123.21,0.644325,0.011933539919068429,0.6206,0.6595,0.6926,0.04827499999999996,0.6389750000000001,0.6842,0.2972214285714286,0.6276099246855898,0.29550000000000004,0.634682181078058,0.644325,resnet32,0.6423,0.6362,1.2444755156439813,0.9694903220304034,0.27498519441790203,resnet32,0.6442,0.637,1.237678186967969,0.9604803198440508,0.27719786794940854,resnet32,0.6324,0.6324,1.2521254055371338,0.9761369976807724,0.2759884063958783,resnet32,0.6595,0.659,1.2129430867392907,0.9389182889664714,0.2740247981961478,resnet32,0.6552,0.6562,1.240243824198842,0.965899660421366,0.27434416147033597,resnet32,0.6527,0.6388,1.2238327847285704,0.9480529347095977,0.27577985023063695,resnet32,0.6477,0.635,1.2281594976613468,0.9542851601303979,0.27387433537197386,resnet32,0.6206,0.6172,1.237359607084231,0.9610872686078603,0.27627233966169035,13500000.0,5000.0,54010000.0,5401000000.0,43208000000.0
resnet32x8_cifar100_K8_mwmd3_seed0001_d001,d001,resnet32:8,cifar100,8,matched,mwmd3,peers,1,200,64,0.1,0.9,0.0005,True,0,60,0.1,1.0,3,,disagreement,1.0,1,0.0,0.5,weight,complete,0.0,0.0,42,0,45000,5000,10000,3760032,100,0.010000000000000002,3,122.56,0.6523000000000001,0.008581375181169956,0.6368,0.6675,0.6997,0.04739999999999989,0.650875,0.695,0.2851642857142857,0.6342016893133708,0.2862678571428572,0.6419314400343799,0.6523000000000001,resnet32,0.6544,0.6498,1.2363079045475884,0.9619769782505252,0.2743309258102355,resnet32,0.6507,0.6546,1.2265746179460124,0.9487445268949325,0.2778300909664143,resnet32,0.6457,0.6494,1.242853750220754,0.9640803547068075,0.27877339752475644,resnet32,0.6675,0.6592,1.2081574805250221,0.9335840326649222,0.27457344597628847,resnet32,0.6368,0.64,1.2344813778657804,0.9558690815994685,0.27861229480582883,resnet32,0.6518,0.6466,1.2187027761035345,0.9399056087078695,0.27879716572351754,resnet32,0.6604,0.655,1.2268250641328367,0.9532734939659183,0.2735515706537461,resnet32,0.6511,0.6524,1.2318603291430257,0.9563177257606928,0.2755426057318056,13500000.0,5000.0,54010000.0,5455010000.0,43640080000.0
resnet32x8_cifar100_K8_mwmd3_seed0001_d001,d001,resnet32:8,cifar100,8,matched,mwmd3,peers,1,200,64,0.1,0.9,0.0005,True,0,60,0.1,1.0,3,,disagreement,1.0,1,0.0,0.5,weight,complete,0.0,0.0,42,0,45000,5000,10000,3760032,101,0.010000000000000002,3,122.95,0.64115,0.009444045743218304,0.6266,0.6556,0.6888,0.04764999999999997,0.635675,0.6888,0.2975642857142856,0.6332111187674253,0.292875,0.6403409634647026,0.64115,resnet32,0.6407,0.6376,1.238860583186827,0.960378032347018,0.27848254838450387,resnet32,0.6266,0.6244,1.2260201894254847,0.9505205624313517,0.2754996255336499,resnet32,0.63,0.63,1.2444504548541524,0.9642462219026956,0.2802042333324524,resnet32,0.6469,0.6442,1.2057002241807906,0.9298681135882031,0.2758321130690588,resnet32,0.649,0.643,1.2315329127013683,0.9548515134745024,0.2766813982955434,resnet32,0.6556,0.6466,1.2180138889869505,0.940260854549706,0.2777530336964198,resnet32,0.6462,0.6376,1.2247116184708746,0.9496984499591318,0.27501317113637924,resnet32,0.6342,0.622,1.2289527776566418,0.9521443638103929,0.2768084126609293,13500000.0,5000.0,54010000.0,5509020000.0,44072160000.0
resnet32x8_cifar100_K8_mwmd3_seed0001_d001,d001,resnet32:8,cifar100,8,matched,mwmd3,peers,1,200,64,0.1,0.9,0.0005,True,0,60,0.1,1.0,3,,disagreement,1.0,1,0.0,0.5,weight,complete,0.0,0.0,42,0,45000,5000,10000,3760032,102,0.010000000000000002,3,123.67,0.6440125,0.00846676406604082,0.6323,0.6583,0.6952,0.05118750000000005,0.635025,0.6794,0.28958571428571434,0.6430662207973207,0.2937857142857143,0.6326235032997802,0.6440125,resnet32,0.6323,0.6242,1.2364083585244687,0.9573940816758708,0.2790142770814286,resnet32,0.6466,0.6434,1.2311134034429083,0.9539463953538374,0.2771670092108913,resnet32,0.64,0.6412,1.242331980727613,0.9642850545827638,0.2780469247266989,resnet32,0.6405,0.6382,1.2147349226711825,0.9357500367543914,0.27898488591679116,resnet32,0.6378,0.6244,1.2315369407561692,0.954537476412952,0.276999466332861,resnet32,0.6561,0.6346,1.216805651021952,0.9400696278634396,0.2767360265451399,resnet32,0.6405,0.6268,1.2231718145141548,0.9470659583298997,0.2761058557185937,resnet32,0.6583,0.6474,1.2387760372155092,0.9587190671061928,0.2800569718661295,13500000.0,5000.0,54010000.0,5563030000.0,44504240000.0
resnet32x8_cifar100_K8_mwmd3_seed0001_d001,d001,resnet32:8,cifar100,8,matched,mwmd3,peers,1,200,64,0.1,0.9,0.0005,True,0,60,0.1,1.0,3,,disagreement,1.0,1,0.0,0.5,weight,complete,0.0,0.0,42,0,45000,5000,10000,3760032,103,0.010000000000000002,3,122.91,0.6398874999999999,0.006623337055442668,0.6283,0.6493,0.6948,0.05491250000000003,0.633075,0.6798,0.30760714285714286,0.6205787309454447,0.3045821428571429,0.6274930950287647,0.6398874999999999,resnet32,0.6376,0.6272,1.2440019408240914,0.9630164728415284,0.2809854673052376,resnet32,0.6357,0.6306,1.2339854820377447,0.9528784007680687,0.28110708184116945,resnet32,0.6283,0.6242,1.2538651612333276,0.9721623032607816,0.28170285920019855,resnet32,0.6493,0.6446,1.2132685269144448,0.9342216157608412,0.27904691208492627,resnet32,0.6445,0.6398,1.234389847567813,0.9555017836391926,0.2788880654949356,resnet32,0.6446,0.636,1.221864434890449,0.9436194989830256,0.27824493732557376,resnet32,0.634,0.627,1.231665862724185,0.9507691682401028,0.2808966937009245,resnet32,0.6451,0.6352,1.2345004188404842,0.9539592989127744,0.28054112138819287,13500000.0,5000.0,54010000.0,5617040000.0,44936320000.0
resnet32x8_cifar100_K8_mwmd3_seed0001_d001,d001,resnet32:8,cifar100,8,matched,mwmd3,peers,1,200,64,0.1,0.9,0.0005,True,0,60,0.1,1.0,3,,disagreement,1.0,1,0.0,0.5,weight,complete,0.0,0.0,42,0,45000,5000,10000,3760032,104,0.010000000000000002,3,123.33,0.6489375,0.0054009113814244445,0.6396,0.6576,0.6985,0.049562500000000065,0.642325,0.6916,0.29149285714285716,0.634556514882332,0.2902392857142857,0.6341769893531094,0.6489375,resnet32,0.6445,0.6366,1.2351466929540038,0.9580556525086815,0.2770910395351662,resnet32,0.6396,0.638,1.2299024463546546,0.9494588988071139,0.28044354964301665,resnet32,0.6479,0.6378,1.2423796538602223,0.9622212517159906,0.28015840146690607,resnet32,0.6512,0.6494,1.2130968715487556,0.9345315705815499,0.27856530088253995,resnet32,0.6496,0.6356,1.2270750057121569,0.951033909297125,0.27604109673252836,resnet32,0.6576,0.657,1.2148918964138085,0.9361049286513166,0.2787869657516818,resnet32,0.655,0.645,1.2241490243680098,0.9471692520786416,0.2769797724163668,resnet32,0.6461,0.6392,1.2260603938590398,0.9477656040848657,0.2782947881020267,13500000.0,5000.0,54010000.0,5671050000.0,45368400000.0
resnet32x8_cifar100_K8_mwmd3_seed0001_d001,d001,resnet32:8,cifar100,8,matched,mwmd3,peers,1,200,64,0.1,0.9,0.0005,True,0,60,0.1,1.0,3,,disagreement,1.0,1,0.0,0.5,weight,complete,0.0,0.0,42,0,45000,5000,10000,3760032,105,0.010000000000000002,3,122.18,0.6560250000000001,0.0077433439159061215,0.6396,0.6691,0.7025,0.04647499999999993,0.652925,0.6966,0.2779571428571428,0.6405899763471333,0.2770214285714286,0.6504342964618023,0.6560250000000001,resnet32,0.6552,0.6528,1.2340922820466487,0.9546620216728612,0.2794302635699172,resnet32,0.6396,0.6386,1.2262201183898882,0.9470323408022523,0.27918777661398053,resnet32,0.6519,0.649,1.2374802748249336,0.9570327755910429,0.2804475005673753,resnet32,0.6691,0.6612,1.2020873030308972,0.9237947031347589,0.2782925999808041,resnet32,0.6565,0.6492,1.2246004635129462,0.9457929140295495,0.2788075520657003,resnet32,0.659,0.6608,1.2102898752147502,0.9302054727450013,0.280084403083575,resnet32,0.658,0.6578,1.218905950049785,0.9401419792662967,0.2787639696193351,resnet32,0.6589,0.654,1.230511332100088,0.9503131333569234,0.2801981992934915,13500000.0,5000.0,54010000.0,5725060000.0,45800480000.0
resnet32x8_cifar100_K8_mwmd3_seed0001_d001,d001,resnet32:8,cifar100,8,matched,mwmd3,peers,1,200,64,0.1,0.9,0.0005,True,0,60,0.1,1.0,3,,disagreement,1.0,1,0.0,0.5,weight,complete,0.0,0.0,42,0,45000,5000,10000,3760032,106,0.010000000000000002,3,122.3,0.641675,0.007497124448747009,0.6318,0.6523,0.6903,0.04862500000000003,0.634425,0.6764,0.29242142857142855,0.633164907239946,0.29220357142857145,0.6363935701170689,0.641675,resnet32,0.6361,0.6292,1.2300776815549894,0.9489825033498082,0.2810951796233315,resnet32,0.6318,0.628,1.2253882514990189,0.9465076879344203,0.27888056324710225,resnet32,0.6324,0.6246,1.24309442370114,0.9605673167177222,0.2825271071527492,resnet32,0.6509,0.6456,1.2035240094939417,0.9216887843371793,0.2818352241196077,resnet32,0.6523,0.6444,1.2232945555482397,0.9428552923385393,0.2804392624688758,resnet32,0.6477,0.6388,1.2065057013691827,0.9280885153619404,0.2784171858379109,resnet32,0.6413,0.6302,1.2201241672208363,0.9407741865989837,0.2793499791190367,resnet32,0.6409,0.6346,1.2237375794317236,0.9455261817201972,0.27821139800785616,13500000.0,5000.0,54010000.0,5779070000.0,46232560000.0
resnet32x8_cifar100_K8_mwmd3_seed0001_d001,d001,resnet32:8,cifar100,8,matched,mwmd3,peers,1,200,64,0.1,0.9,0.0005,True,0,60,0.1,1.0,3,,disagreement,1.0,1,0.0,0.5,weight,complete,0.0,0.0,42,0,45000,5000,10000,3760032,107,0.010000000000000002,3,121.75,0.6553125,0.005048870542012339,0.6474,0.6638,0.707,0.0516875,0.64615,0.6926,0.2914785714285714,0.6262340390675011,0.28890000000000005,0.6272284442394896,0.6553125,resnet32,0.6552,0.645,1.233610367233103,0.9512064710090106,0.28240389783274045,resnet32,0.649,0.6418,1.2236741320653395,0.941893026910045,0.2817811060442843,resnet32,0.6551,0.6504,1.2367523215203122,0.952016382901506,0.28473594010045583,resnet32,0.6474,0.6372,1.207201781174676,0.9252292385155504,0.28197254392911086,resnet32,0.6541,0.6434,1.2226190481504255,0.9400745870714838,0.28254446192559873,resnet32,0.6581,0.6468,1.2140054933049462,0.9317031699994748,0.2823023234959692,resnet32,0.6638,0.6516,1.22284029728987,0.9416409515860406,0.2811993451535024,resnet32,0.6598,0.653,1.2229286211288788,0.9374948892403733,0.285433731909672,13500000.0,5000.0,54010000.0,5833080000.0,46664640000.0
resnet32x8_cifar100_K8_mwmd3_seed0001_d001,d001,resnet32:8,cifar100,8,matched,mwmd3,peers,1,200,64,0.1,0.9,0.0005,True,0,60,0.1,1.0,3,,disagreement,1.0,1,0.0,0.5,weight,complete,0.0,0.0,42,0,45000,5000,10000,3760032,108,0.010000000000000002,3,122.01,0.6544375,0.003761295488259337,0.6501,0.6611,0.7014,0.04696250000000002,0.651,0.6974,0.2824071428571428,0.6367328627334574,0.2814571428571428,0.6426380456649319,0.6544375,resnet32,0.6501,0.6554,1.220236576077613,0.9409873999485915,0.2792491768275134,resnet32,0.6574,0.6576,1.2178266204216264,0.9374614515426484,0.28036516934463923,resnet32,0.6525,0.6504,1.2331232310018756,0.9505039848895236,0.2826192475305023,resnet32,0.6584,0.6556,1.200434092601592,0.9182556615295735,0.2821784321515059,resnet32,0.652,0.6488,1.2196963202546944,0.9408006367527626,0.27889568312093616,resnet32,0.6611,0.6512,1.2029606285081669,0.9245214055884968,0.27843922234817664,resnet32,0.6506,0.644,1.2243425048549066,0.9432696843181144,0.28107282333076,resnet32,0.6534,0.645,1.2301653818312017,0.9459500068121336,0.2842153752307323,13500000.0,5000.0,54010000.0,5887090000.0,47096720000.0
resnet32x8_cifar100_K8_mwmd3_seed0001_d001,d001,resnet32:8,cifar100,8,matched,mwmd3,peers,1,200,64,0.1,0.9,0.0005,True,0,60,0.1,1.0,3,,disagreement,1.0,1,0.0,0.5,weight,complete,0.0,0.0,42,0,45000,5000,10000,3760032,109,0.010000000000000002,3,122.01,0.6489499999999999,0.010202083120618072,0.6333,0.6628,0.6949,0.045950000000000046,0.6400250000000001,0.6888,0.2874357142857142,0.639263505200895,0.2882642857142857,0.6399270548608369,0.6489499999999999,resnet32,0.6333,0.6258,1.2229507978666911,0.9420472700995478,0.28090352744964714,resnet32,0.652,0.6416,1.2283980903977698,0.944699855605987,0.28369823445312004,resnet32,0.6415,0.6324,1.2352128144014964,0.9508533072234555,0.284359507474371,resnet32,0.6628,0.649,1.198923694731837,0.9178418200463057,0.28108187417753716,resnet32,0.6422,0.6442,1.224155106158419,0.943496880968186,0.2806582254442302,resnet32,0.6591,0.6438,1.2045686240731315,0.9221628966995261,0.2824057266116142,resnet32,0.6598,0.6498,1.2167753423987464,0.9344092242589052,0.282366117822345,resnet32,0.6409,0.6336,1.2315682517364621,0.9442291096360846,0.2873391415077177,13500000.0,5000.0,54010000.0,5941100000.0,47528800000.0
resnet32x8_cifar100_K8_mwmd3_seed0001_d001,d001,resnet32:8,cifar100,8,matched,mwmd3,peers,1,200,64,0.1,0.9,0.0005,True,0,60,0.1,1.0,3,,disagreement,1.0,1,0.0,0.5,weight,complete,0.0,0.0,42,0,45000,5000,10000,3760032,110,0.010000000000000002,3,122.04,0.648575,0.008988986316598776,0.6372,0.6624,0.698,0.04942499999999994,0.646325,0.6986,0.29504285714285716,0.6234151010304873,0.29026071428571426,0.6314059952738619,0.648575,resnet32,0.6383,0.6402,1.2223935823210261,0.9424323988231745,0.2799611833496866,resnet32,0.6571,0.6522,1.2206296412782236,0.9368267727338455,0.2838028672320599,resnet32,0.6428,0.6466,1.2385281076316128,0.9509617045352404,0.2875664035620337,resnet32,0.6624,0.6532,1.1947460935705088,0.9113436195660721,0.2834024742584337,resnet32,0.6372,0.6318,1.2183283579281785,0.9369236959821798,0.281404662813822,resnet32,0.648,0.6446,1.207265643995594,0.9241401136598804,0.2831255303357135,resnet32,0.6584,0.6594,1.2144352566789498,0.9317283024164763,0.28270695453763683,resnet32,0.6444,0.6426,1.228767106902193,0.9412649449977007,0.2875021622219885,13500000.0,5000.0,54010000.0,5995110000.0,47960880000.0
resnet32x8_cifar100_K8_mwmd3_seed0001_d001,d001,resnet32:8,cifar100,8,matched,mwmd3,peers,1,200,64,0.1,0.9,0.0005,True,0,60,0.1,1.0,3,,disagreement,1.0,1,0.0,0.5,weight,complete,0.0,0.0,42,0,45000,5000,10000,3760032,111,0.010000000000000002,3,121.63,0.6474624999999999,0.0064208522604090575,0.6371,0.6555,0.6973,0.04983750000000009,0.64255,0.6942,0.29252142857142865,0.630563285563766,0.2928321428571428,0.6310539134893437,0.6474624999999999,resnet32,0.6491,0.6374,1.22527293022722,0.9421927992423828,0.2830801285295324,resnet32,0.6555,0.6616,1.215619541619989,0.9327076968990944,0.28291184412823484,resnet32,0.6371,0.6304,1.2319592441516845,0.9451965336603197,0.28676270826889033,resnet32,0.6415,0.636,1.1961961311542175,0.9134012643586505,0.2827948687217114,resnet32,0.6548,0.647,1.2177843840962106,0.9363586292178794,0.2814257550476627,resnet32,0.6456,0.6388,1.2071738879789005,0.9237783191386949,0.28339557121084497,resnet32,0.6536,0.651,1.2108149531890045,0.9266500898890875,0.2841648625379259,resnet32,0.6425,0.6382,1.2228251093659888,0.9361481708051129,0.28667693767188623,13500000.0,5000.0,54010000.0,6049120000.0,48392960000.0
resnet32x8_cifar100_K8_mwmd3_seed0001_d001,d001,resnet32:8,cifar100,8,matched,mwmd3,peers,1,200,64,0.1,0.9,0.0005,True,0,60,0.1,1.0,3,,disagreement,1.0,1,0.0,0.5,weight,complete,0.0,0.0,42,0,45000,5000,10000,3760032,112,0.010000000000000002,3,121.99,0.65245,0.007738539913963108,0.6384,0.6654,0.7035,0.05105000000000004,0.647975,0.699,0.2889785714285714,0.625859711971274,0.2890357142857143,0.6306787490195002,0.65245,resnet32,0.6519,0.651,1.2269812250001864,0.941735921004279,0.28524530183693225,resnet32,0.6534,0.6468,1.2236026361246,0.9375760833817449,0.2860265504780479,resnet32,0.6436,0.643,1.2395690805702047,0.9507742558859966,0.28879482692784886,resnet32,0.6566,0.6562,1.2031692287630655,0.9191252119331197,0.28404401879842306,resnet32,0.6384,0.6326,1.2224159748716787,0.9358009032651105,0.2866150706540793,resnet32,0.654,0.6492,1.2066336827860638,0.9240560345351696,0.28257764723490586,resnet32,0.6563,0.6492,1.215853762135587,0.9334319264373996,0.282421835931018,resnet32,0.6654,0.6558,1.2173040958798744,0.9348596574907954,0.28244443758475507,13500000.0,5000.0,54010000.0,6103130000.0,48825040000.0
resnet32x8_cifar100_K8_mwmd3_seed0001_d001,d001,resnet32:8,cifar100,8,matched,mwmd3,peers,1,200,64,0.1,0.9,0.0005,True,0,60,0.1,1.0,3,,disagreement,1.0,1,0.0,0.5,weight,complete,0.0,0.0,42,0,45000,5000,10000,3760032,113,0.010000000000000002,3,121.89,0.6522125000000001,0.0031782217905615105,0.647,0.657,0.705,0.052787499999999876,0.644925,0.6918,0.29450000000000004,0.6259778608721892,0.29454285714285716,0.6279189474021665,0.6522125000000001,resnet32,0.649,0.6442,1.2222865781831471,0.9410294331610203,0.28125714663077483,resnet32,0.657,0.6434,1.2165808515961876,0.9311629727652128,0.28541787646033545,resnet32,0.647,0.651,1.229071139357984,0.9440089537000115,0.28506218578497117,resnet32,0.6538,0.6366,1.1892633698034016,0.9082075377756899,0.28105583414435387,resnet32,0.6535,0.648,1.2095487995750525,0.9273940526287664,0.2821547474542802,resnet32,0.654,0.6424,1.1975478932092136,0.9163463318043135,0.2812015614049001,resnet32,0.6542,0.645,1.2088655277409337,0.9267899014733054,0.2820756270931187,resnet32,0.6492,0.6488,1.2180117614228616,0.9324661693112417,0.2855455930006098,13500000.0,5000.0,54010000.0,6157140000.0,49257120000.0
resnet32x8_cifar100_K8_mwmd3_seed0001_d001,d001,resnet32:8,cifar100,8,matched,mwmd3,peers,1,200,64,0.1,0.9,0.0005,True,0,60,0.1,1.0,3,,disagreement,1.0,1,0.0,0.5,weight,complete,0.0,0.0,42,0,45000,5000,10000,3760032,114,0.010000000000000002,3,122.52,0.6564249999999999,0.00557847425377227,0.6476,0.6633,0.7048,0.04837500000000006,0.6489499999999999,0.6968,0.28559999999999997,0.6335575537405591,0.28567857142857145,0.6363270721513646,0.6564249999999999,resnet32,0.6633,0.6574,1.2190372258932753,0.936797025020827,0.28224019903096964,resnet32,0.6476,0.6374,1.2169407078657637,0.9318039123476907,0.28513679579323664,resnet32,0.65,0.6456,1.2303073941306635,0.9437092565508052,0.2865981378761882,resnet32,0.6604,0.6544,1.1916262685236605,0.9058069753121923,0.2858192929786376,resnet32,0.6581,0.6512,1.2141850611872294,0.9321414723315022,0.2820435909088701,resnet32,0.6585,0.6464,1.2001597419889136,0.915766233408993,0.2843935087704184,resnet32,0.6622,0.6574,1.2101887822659179,0.9252670453861356,0.2849217343821444,resnet32,0.6513,0.6418,1.224510751579973,0.9388055446642366,0.2857052068945698,13500000.0,5000.0,54010000.0,6211150000.0,49689200000.0
resnet32x8_cifar100_K8_mwmd3_seed0001_d001,d001,resnet32:8,cifar100,8,matched,mwmd3,peers,1,200,64,0.1,0.9,0.0005,True,0,60,0.1,1.0,3,,disagreement,1.0,1,0.0,0.5,weight,complete,0.0,0.0,42,0,45000,5000,10000,3760032,115,0.010000000000000002,3,121.7,0.6470875,0.011035447147714497,0.622,0.6602,0.699,0.05191249999999992,0.641575,0.692,0.29410714285714284,0.6311717227746071,0.29569285714285715,0.6302429435794351,0.6470875,resnet32,0.6432,0.645,1.2178007069636474,0.9313064717095006,0.28649423652413214,resnet32,0.6453,0.6398,1.2152126866646789,0.9283437223427675,0.28686896260743117,resnet32,0.6459,0.6382,1.2265036620877006,0.9380136747759852,0.28848998676138843,resnet32,0.6551,0.6514,1.1905557354065506,0.904786796817048,0.28576893611303106,resnet32,0.622,0.615,1.213357707654888,0.930222562387247,0.2831351444844834,resnet32,0.6602,0.6484,1.2028355264020236,0.9161796105856245,0.28665591712871735,resnet32,0.6486,0.6408,1.2089257014238022,0.9239609930664301,0.2849647080398757,resnet32,0.6564,0.654,1.217573047530922,0.9315182746980678,0.28605477334084833,13500000.0,5000.0,54010000.0,6265160000.0,50121280000.0
resnet32x8_cifar100_K8_mwmd3_seed0001_d001,d001,resnet32:8,cifar100,8,matched,mwmd3,peers,1,200,64,0.1,0.9,0.0005,True,0,60,0.1,1.0,3,,disagreement,1.0,1,0.0,0.5,weight,complete,0.0,0.0,42,0,45000,5000,10000,3760032,116,0.010000000000000002,3,122.01,0.645675,0.008896874451176663,0.6294,0.6593,0.6974,0.05172500000000002,0.6425000000000001,0.6972,0.30268571428571434,0.6100561768586422,0.3029321428571428,0.621091988808148,0.645675,resnet32,0.6535,0.6522,1.22077284804122,0.9353976369920102,0.2853752097368918,resnet32,0.6502,0.6602,1.2199000563811173,0.9314490571956743,0.28845100121741946,resnet32,0.6389,0.6354,1.2374884059483355,0.9479482481256127,0.28954015725122934,resnet32,0.6394,0.6328,1.1932520266960969,0.9073643380437385,0.2858876896260137,resnet32,0.6294,0.6232,1.2245882551439784,0.9357846934687007,0.28880356156944553,resnet32,0.6451,0.6348,1.2027583040974357,0.9171259798617526,0.2856323225000365,resnet32,0.6496,0.6434,1.2123250270431691,0.9262344527312301,0.28609057333828375,resnet32,0.6593,0.658,1.217413128438321,0.9294173184104941,0.2879958107898181,13500000.0,5000.0,54010000.0,6319170000.0,50553360000.0
resnet32x8_cifar100_K8_mwmd3_seed0001_d001,d001,resnet32:8,cifar100,8,matched,mwmd3,peers,1,200,64,0.1,0.9,0.0005,True,0,60,0.1,1.0,3,,disagreement,1.0,1,0.0,0.5,weight,complete,0.0,0.0,42,0,45000,5000,10000,3760032,117,0.010000000000000002,3,121.95,0.6458,0.006665958295699134,0.6333,0.6552,0.6912,0.045399999999999996,0.635625,0.6862,0.29395714285714286,0.6366672184954892,0.28809642857142853,0.645614917581837,0.6458,resnet32,0.6333,0.6286,1.2185922852632673,0.9304781325838782,0.28811415064741264,resnet32,0.6438,0.6364,1.2134841722859577,0.9276425528594039,0.28584161794490437,resnet32,0.6414,0.623,1.2281876417215576,0.9381709538230841,0.29001668749631127,resnet32,0.6444,0.6324,1.1883744536475702,0.9045995578000491,0.2837748934980482,resnet32,0.6439,0.6288,1.2104308871044354,0.9260261078280482,0.28440477775240486,resnet32,0.6552,0.6402,1.1987809821624646,0.9152580930597403,0.28352289013987914,resnet32,0.6521,0.6482,1.2057588246058335,0.9218130540949377,0.28394577120938763,resnet32,0.6523,0.6474,1.2230079123242334,0.9327098814431917,0.2902980338231745,13500000.0,5000.0,54010000.0,6373180000.0,50985440000.0
resnet32x8_cifar100_K8_mwmd3_seed0001_d001,d001,resnet32:8,cifar100,8,matched,mwmd3,peers,1,200,64,0.1,0.9,0.0005,True,0,60,0.1,1.0,3,,disagreement,1.0,1,0.0,0.5,weight,complete,0.0,0.0,42,0,45000,5000,10000,3760032,118,0.010000000000000002,3,122.12,0.655575,0.006885991214051904,0.6466,0.6694,0.7074,0.05182500000000001,0.647975,0.7008,0.2928642857142857,0.623370801688999,0.2912071428571429,0.6269222721451841,0.655575,resnet32,0.6532,0.6598,1.2183106343515895,0.9313267600637946,0.28698387483812193,resnet32,0.6541,0.6528,1.2159504842182451,0.9282172022556717,0.2877332831690596,resnet32,0.6466,0.6342,1.228616389276629,0.939344806511971,0.2892715821931647,resnet32,0.6694,0.6508,1.1950671117414127,0.9067888591777195,0.2882782544686713,resnet32,0.6594,0.6496,1.2165345708754929,0.928624497895891,0.2879100744400851,resnet32,0.658,0.641,1.204204760999842,0.9166721234267409,0.2875326377847655,resnet32,0.6468,0.6512,1.207550960169597,0.919450123201717,0.2881008366080509,resnet32,0.6571,0.6444,1.2164200195534662,0.926574111323465,0.2898459083781662,13500000.0,5000.0,54010000.0,6427190000.0,51417520000.0
resnet32x8_cifar100_K8_mwmd3_seed0001_d001,d001,resnet32:8,cifar100,8,matched,mwmd3,peers,1,200,64,0.1,0.9,0.0005,True,0,60,0.1,1.0,3,,disagreement,1.0,1,0.0,0.5,weight,complete,0.0,0.0,42,0,45000,5000,10000,3760032,119,0.010000000000000002,3,125.12,0.6465000000000001,0.009326038816131945,0.6277,0.6603,0.6955,0.04899999999999993,0.6420250000000001,0.6946,0.2936,0.6288484623640175,0.29208214285714285,0.6368948942050443,0.6465000000000001,resnet32,0.6453,0.6388,1.2106205488301136,0.9256940970874645,0.28492645210247824,resnet32,0.6504,0.6422,1.211205663328821,0.9234525093131445,0.2877531534230167,resnet32,0.641,0.6404,1.2169794711199673,0.9291894795711745,0.28778999315744097,resnet32,0.6543,0.6526,1.1858727554367348,0.8993471731347117,0.2865255831063471,resnet32,0.6277,0.6226,1.2050972268493338,0.919727709652348,0.2853695190384645,resnet32,0.6512,0.6458,1.1963346429507842,0.9096219439736821,0.2867126988501034,resnet32,0.6603,0.6544,1.2009472527795217,0.9154666788368062,0.2854805721435696,resnet32,0.6418,0.6394,1.2115595440634273,0.9255222172730349,0.2860373261977326,13500000.0,5000.0,54010000.0,6481200000.0,51849600000.0
resnet32x8_cifar100_K8_mwmd3_seed0001_d001,d001,resnet32:8,cifar100,8,matched,mwmd3,peers,1,200,64,0.1,0.9,0.0005,True,0,60,0.1,1.0,3,,disagreement,1.0,1,0.0,0.5,weight,complete,0.0,0.0,42,0,45000,5000,10000,3760032,120,0.0010000000000000002,3,122.8,0.7066250000000001,0.002849451701643669,0.7011,0.711,0.7338,0.02717499999999995,0.703125,0.734,0.2064571428571429,0.7008545619677878,0.2062928571428571,0.7051710357662363,0.7066250000000001,resnet32,0.7043,0.7038,0.9638101063160733,0.7649849845435132,0.19882512105290184,resnet32,0.7055,0.7088,0.95842080402442,0.7620121362534437,0.19640866652215747,resnet32,0.7011,0.699,0.9748442378741774,0.7759432352825322,0.19890100278214298,resnet32,0.711,0.7022,0.9392409404231743,0.7418521582148969,0.1973887815309519,resnet32,0.709,0.7048,0.9591096585447138,0.7633792877366598,0.1957303714747964,resnet32,0.7083,0.6972,0.9483587174591693,0.7520347939465534,0.196323923766613,resnet32,0.7068,0.7036,0.9537199440158226,0.7590753851373765,0.19464455898427827,resnet32,0.707,0.7056,0.9592209234833717,0.7592153261330995,0.20000559579454025,13500000.0,5000.0,54010000.0,6535210000.0,52281680000.0
resnet32x8_cifar100_K8_mwmd3_seed0001_d001,d001,resnet32:8,cifar100,8,matched,mwmd3,peers,1,200,64,0.1,0.9,0.0005,True,0,60,0.1,1.0,3,,disagreement,1.0,1,0.0,0.5,weight,complete,0.0,0.0,42,0,45000,5000,10000,3760032,121,0.0010000000000000002,3,122.93,0.7101124999999999,0.0034765059686414886,0.7034,0.714,0.741,0.030887500000000068,0.706725,0.737,0.20234285714285719,0.7015288570055204,0.2035214285714286,0.7038268129393376,0.7101124999999999,resnet32,0.7055,0.7066,0.8912423778833314,0.7107451164417646,0.18049726008691572,resnet32,0.71,0.7104,0.8864728371528062,0.7047629142180085,0.1817099237179553,resnet32,0.7034,0.7056,0.9005110334943641,0.7172714561985974,0.18323957824825562,resnet32,0.714,0.704,0.8628425196829167,0.6826770514757796,0.1801654667254876,resnet32,0.712,0.7066,0.8862086709758098,0.7068040919574824,0.17940457932524045,resnet32,0.7128,0.7034,0.8703616592525081,0.6927326976914298,0.17762896325439215,resnet32,0.7115,0.7088,0.8783394662155346,0.7001300262371924,0.17820943883535537,resnet32,0.7117,0.7084,0.8888400564478203,0.7045288396660577,0.18431121676059609,13500000.0,5000.0,54010000.0,6589220000.0,52713760000.0
resnet32x8_cifar100_K8_mwmd3_seed0001_d001,d001,resnet32:8,cifar100,8,matched,mwmd3,peers,1,200,64,0.1,0.9,0.0005,True,0,60,0.1,1.0,3,,disagreement,1.0,1,0.0,0.5,weight,complete,0.0,0.0,42,0,45000,5000,10000,3760032,122,0.0010000000000000002,3,122.84,0.7112375,0.0037285846845686705,0.705,0.7172,0.7418,0.030562500000000048,0.70805,0.7376,0.20255,0.7008148608588002,0.2047571428571429,0.6991695062990441,0.7112375,resnet32,0.7091,0.7068,0.8657164228233424,0.6841905724934556,0.1815258508061313,resnet32,0.7133,0.7138,0.8616419977254488,0.6816493377766826,0.17999265993818303,resnet32,0.705,0.7028,0.8757175693119114,0.6935946123081852,0.18212295513049784,resnet32,0.7172,0.7044,0.8388273003934459,0.6581735298968852,0.18065377051772719,resnet32,0.7086,0.7102,0.8620116218331862,0.683040754954246,0.17897086692127315,resnet32,0.7096,0.703,0.8465818413956598,0.6661993620324541,0.18038248049560934,resnet32,0.7155,0.7116,0.8513073397123001,0.6748909836804325,0.17641635537570852,resnet32,0.7116,0.7118,0.8570643314583735,0.678061609114097,0.17900272363542832,13500000.0,5000.0,54010000.0,6643230000.0,53145840000.0
resnet32x8_cifar100_K8_mwmd3_seed0001_d001,d001,resnet32:8,cifar100,8,matched,mwmd3,peers,1,200,64,0.1,0.9,0.0005,True,0,60,0.1,1.0,3,,disagreement,1.0,1,0.0,0.5,weight,complete,0.0,0.0,42,0,45000,5000,10000,3760032,123,0.0010000000000000002,3,122.98,0.7130375,0.003586410984535936,0.7063,0.7183,0.7432,0.03016249999999998,0.711425,0.7432,0.20352857142857145,0.6985881735220907,0.20468571428571428,0.6985065830805677,0.7130375,resnet32,0.7101,0.7108,0.8468747885728424,0.6671502029269256,0.17972458634440872,resnet32,0.7159,0.7152,0.8414935821836645,0.6607488306154582,0.1807447518327866,resnet32,0.7063,0.71,0.8560721843757413,0.6742919720285996,0.18178021189206364,resnet32,0.7183,0.7084,0.8195680266415531,0.6389619898559018,0.18060603535691785,resnet32,0.7111,0.7136,0.8402028787373141,0.6628463445231318,0.17735653452109545,resnet32,0.7159,0.7066,0.8264677499166944,0.6486118461259387,0.17785590452099728,resnet32,0.714,0.711,0.8344401750205592,0.6570073462684046,0.1774328288897364,resnet32,0.7127,0.7158,0.8368375626477328,0.6594084698960863,0.17742909336547283,13500000.0,5000.0,54010000.0,6697240000.0,53577920000.0
resnet32x8_cifar100_K8_mwmd3_seed0001_d001,d001,resnet32:8,cifar100,8,matched,mwmd3,peers,1,200,64,0.1,0.9,0.0005,True,0,60,0.1,1.0,3,,disagreement,1.0,1,0.0,0.5,weight,complete,0.0,0.0,42,0,45000,5000,10000,3760032,124,0.0010000000000000002,3,123.28,0.7133499999999999,0.0045648110585214795,0.706,0.723,0.7434,0.03005000000000002,0.711225,0.7418,0.20408571428571434,0.701272714609945,0.20511785714285713,0.6984286703520273,0.7133499999999999,resnet32,0.7105,0.7106,0.8335340382023291,0.6523165922103957,0.18121744487011296,resnet32,0.7108,0.715,0.8367841074835848,0.6525408589619804,0.18424324786544524,resnet32,0.706,0.706,0.8445825680921023,0.6618028361011635,0.18277973132419653,resnet32,0.723,0.7094,0.8089764671061527,0.6272542792033743,0.18172218777577986,resnet32,0.7135,0.716,0.8309972753578966,0.6513373480940406,0.17965992667119612,resnet32,0.7147,0.7016,0.8154870021918957,0.6361846429803832,0.17930235920092938,resnet32,0.7151,0.7168,0.8203042329035022,0.643200980457054,0.17710325128229504,resnet32,0.7132,0.7144,0.8301750501109795,0.6485669524832205,0.1816080971620977,13500000.0,5000.0,54010000.0,6751250000.0,54010000000.0
resnet32x8_cifar100_K8_mwmd3_seed0001_d001,d001,resnet32:8,cifar100,8,matched,mwmd3,peers,1,200,64,0.1,0.9,0.0005,True,0,60,0.1,1.0,3,,disagreement,1.0,1,0.0,0.5,weight,complete,0.0,0.0,42,0,45000,5000,10000,3760032,125,0.0010000000000000002,3,123.0,0.7142,0.0031168894751017516,0.7098,0.7183,0.7478,0.033600000000000074,0.708825,0.7418,0.20857857142857136,0.6896560087220022,0.20996785714285718,0.6886970435412104,0.7142,resnet32,0.7108,0.7142,0.83229885622859,0.6476198105056855,0.1846790463578972,resnet32,0.7157,0.7138,0.825496088586409,0.6422677128575742,0.1832283758558333,resnet32,0.7098,0.704,0.8434186725115235,0.6564891874705526,0.18692948628978973,resnet32,0.7183,0.7058,0.800597595304928,0.6198430176485669,0.1807545779526911,resnet32,0.7115,0.7116,0.8236754628914323,0.6405052361501888,0.18317022766198285,resnet32,0.7177,0.7068,0.814332312988964,0.6296951168386097,0.18463719674301418,resnet32,0.7168,0.712,0.819200789090246,0.6389627318236638,0.18023805737241425,resnet32,0.713,0.7024,0.8238980345089327,0.6398581270636483,0.18403990752995014,13500000.0,5000.0,54010000.0,6805260000.0,54442080000.0
resnet32x8_cifar100_K8_mwmd3_seed0001_d001,d001,resnet32:8,cifar100,8,matched,mwmd3,peers,1,200,64,0.1,0.9,0.0005,True,0,60,0.1,1.0,3,,disagreement,1.0,1,0.0,0.5,weight,complete,0.0,0.0,42,0,45000,5000,10000,3760032,126,0.0010000000000000002,3,122.78,0.714675,0.004703123961793904,0.7074,0.7221,0.7455,0.030825000000000102,0.7133999999999999,0.7462,0.20705714285714283,0.6890845015207999,0.21106428571428568,0.6874393856942508,0.714675,resnet32,0.7081,0.7184,0.8154151428660209,0.6316679666580801,0.18374717653602024,resnet32,0.7144,0.719,0.8130147027867761,0.6289397749880498,0.18407492741773074,resnet32,0.7074,0.707,0.8275039894083007,0.6416374296373264,0.1858665591677312,resnet32,0.7221,0.7132,0.7922092025930231,0.6096725436774167,0.18253665887327356,resnet32,0.7136,0.7132,0.8129131518812343,0.6298325558785688,0.18308059456334871,resnet32,0.7157,0.7064,0.7986773928542706,0.6171842731789432,0.1814931205960668,resnet32,0.7186,0.7142,0.8049197840419683,0.6242379970763895,0.18068178634116935,resnet32,0.7175,0.7158,0.8115438465029001,0.6272559109651907,0.18428793671244587,13500000.0,5000.0,54010000.0,6859270000.0,54874160000.0
resnet32x8_cifar100_K8_mwmd3_seed0001_d001,d001,resnet32:8,cifar100,8,matched,mwmd3,peers,1,200,64,0.1,0.9,0.0005,True,0,60,0.1,1.0,3,,disagreement,1.0,1,0.0,0.5,weight,complete,0.0,0.0,42,0,45000,5000,10000,3760032,127,0.0010000000000000002,3,123.09,0.7144875,0.0033490437067915414,0.7097,0.7193,0.7458,0.031312499999999965,0.713925,0.7486,0.20704285714285714,0.6886092127511659,0.20959285714285714,0.690503169907461,0.7144875,resnet32,0.7102,0.7172,0.8086880091577768,0.6258840084668588,0.1828039989870211,resnet32,0.7162,0.7186,0.8043248701671307,0.6203774613412943,0.1839474098841575,resnet32,0.7097,0.714,0.8193131735209714,0.6329316554421728,0.18638151832221245,resnet32,0.7184,0.7114,0.7885932500728152,0.6005454931238835,0.1880477552767843,resnet32,0.713,0.7154,0.8058978168463166,0.6219310280020264,0.18396678957453166,resnet32,0.7161,0.7056,0.795033618723127,0.608803663360463,0.18622995443134147,resnet32,0.7193,0.7184,0.8012720054777508,0.616774506570602,0.18449749927756123,resnet32,0.713,0.7108,0.8054685335691002,0.6180744269778106,0.18739410610446197,13500000.0,5000.0,54010000.0,6913280000.0,55306240000.0
resnet32x8_cifar100_K8_mwmd3_seed0001_d001,d001,resnet32:8,cifar100,8,matched,mwmd3,peers,1,200,64,0.1,0.9,0.0005,True,0,60,0.1,1.0,3,,disagreement,1.0,1,0.0,0.5,weight,complete,0.0,0.0,42,0,45000,5000,10000,3760032,128,0.0010000000000000002,3,123.06,0.7146250000000001,0.0034372045327562433,0.7088,0.7196,0.7474,0.03277499999999989,0.71105,0.7462,0.2078142857142857,0.6880105522801719,0.20971428571428574,0.6898137622708135,0.7146250000000001,resnet32,0.7088,0.7126,0.8057825089940294,0.6172579986212606,0.18852451058443298,resnet32,0.7185,0.7186,0.7977039671757005,0.6121896213259209,0.1855143456381153,resnet32,0.7105,0.705,0.8146270217627964,0.6269752400588583,0.18765178093136373,resnet32,0.7196,0.7084,0.7817700826139613,0.5947922975756228,0.186977784212848,resnet32,0.7137,0.7158,0.7993102345022965,0.6163424956188961,0.18296773913739758,resnet32,0.7163,0.7092,0.7887466783127324,0.6016790485432879,0.18706762936728244,resnet32,0.7146,0.7118,0.7964000753550367,0.6104176861488007,0.1859823877034201,resnet32,0.715,0.707,0.800428818360987,0.614868051753464,0.18556076668160545,13500000.0,5000.0,54010000.0,6967290000.0,55738320000.0
resnet32x8_cifar100_K8_mwmd3_seed0001_d001,d001,resnet32:8,cifar100,8,matched,mwmd3,peers,1,200,64,0.1,0.9,0.0005,True,0,60,0.1,1.0,3,,disagreement,1.0,1,0.0,0.5,weight,complete,0.0,0.0,42,0,45000,5000,10000,3760032,129,0.0010000000000000002,3,122.28,0.7147749999999999,0.003220151393956497,0.7088,0.7187,0.7486,0.033825000000000105,0.71095,0.7472,0.20826428571428576,0.6931180388335025,0.21134999999999998,0.6862040215109352,0.7147749999999999,resnet32,0.7114,0.715,0.7917667296291753,0.6028212876990438,0.18894544302020222,resnet32,0.7171,0.7122,0.7867477837188,0.5993646777827631,0.18738310563970695,resnet32,0.7088,0.7052,0.8038585216907616,0.6147607860832729,0.1890977347608317,resnet32,0.7177,0.7082,0.7661250616762448,0.5794441114941781,0.18668094946240837,resnet32,0.7136,0.715,0.789605922150341,0.6029695413837378,0.18663638047027317,resnet32,0.714,0.7074,0.7766439714469016,0.5888211527331308,0.18782281888310204,resnet32,0.7187,0.7162,0.7775149619714781,0.5945834356190806,0.18293152568565513,resnet32,0.7169,0.7084,0.7869672518731519,0.6005581527186389,0.1864090988793495,13500000.0,5000.0,54010000.0,7021300000.0,56170400000.0
resnet32x8_cifar100_K8_mwmd3_seed0001_d001,d001,resnet32:8,cifar100,8,matched,mwmd3,peers,1,200,64,0.1,0.9,0.0005,True,0,60,0.1,1.0,3,,disagreement,1.0,1,0.0,0.5,weight,complete,0.0,0.0,42,0,45000,5000,10000,3760032,130,0.0010000000000000002,3,122.11,0.713175,0.0035702765999289167,0.7081,0.7198,0.7471,0.03392499999999998,0.71065,0.7446,0.2125928571428571,0.6837534523955314,0.21357142857142855,0.6839148579474813,0.713175,resnet32,0.7092,0.7124,0.7882658154280349,0.6027595410123467,0.1855062747226012,resnet32,0.7134,0.7164,0.7896556670523502,0.5989000932313502,0.19075557363050227,resnet32,0.7081,0.7082,0.7999781820584427,0.6108050621961328,0.1891731203279712,resnet32,0.7198,0.7082,0.7707348180172796,0.581304270223799,0.18943054874596948,resnet32,0.7128,0.711,0.7894667329859327,0.601588648066602,0.1878780865068124,resnet32,0.7168,0.7024,0.7748008941892873,0.5864857958037067,0.18831509787758643,resnet32,0.7138,0.7158,0.7786888339641419,0.5922685353593393,0.1864202992397953,resnet32,0.7115,0.7108,0.7836950078860603,0.5973118031397462,0.18638320652429352,13500000.0,5000.0,54010000.0,7075310000.0,56602480000.0
resnet32x8_cifar100_K8_mwmd3_seed0001_d001,d001,resnet32:8,cifar100,8,matched,mwmd3,peers,1,200,64,0.1,0.9,0.0005,True,0,60,0.1,1.0,3,,disagreement,1.0,1,0.0,0.5,weight,complete,0.0,0.0,42,0,45000,5000,10000,3760032,131,0.0010000000000000002,3,121.81,0.7165874999999999,0.0043636101739270875,0.7108,0.7229,0.7532,0.03661250000000005,0.71425,0.745,0.20992857142857144,0.6862572476087958,0.21186071428571432,0.683257090850998,0.7165874999999999,resnet32,0.712,0.7198,0.7862661277705972,0.5974124803377147,0.18885364798320967,resnet32,0.7229,0.7232,0.7798799711956896,0.5925948561423204,0.18728511457712474,resnet32,0.7108,0.7108,0.7977935336953537,0.6057267757132649,0.19206675836308437,resnet32,0.7218,0.7094,0.7603420349769294,0.5724668031219732,0.1878752322677015,resnet32,0.7124,0.716,0.7852765966884114,0.5965997318906541,0.18867686435326256,resnet32,0.7188,0.7098,0.7675647953186523,0.5808371254666285,0.1867276694075289,resnet32,0.719,0.7156,0.7793252674270083,0.5912940793416717,0.1880311880218373,resnet32,0.715,0.7094,0.7806973861615089,0.5906518149951642,0.1900455716743388,13500000.0,5000.0,54010000.0,7129320000.0,57034560000.0
resnet32x8_cifar100_K8_mwmd3_seed0001_d001,d001,resnet32:8,cifar100,8,matched,mwmd3,peers,1,200,64,0.1,0.9,0.0005,True,0,60,0.1,1.0,3,,disagreement,1.0,1,0.0,0.5,weight,complete,0.0,0.0,42,0,45000,5000,10000,3760032,132,0.0010000000000000002,3,121.8,0.7162875,0.0036872881295065517,0.7104,0.7209,0.7492,0.03291250000000001,0.7148,0.7504,0.20955714285714286,0.6861138000985421,0.21312142857142852,0.6819854629173426,0.7162875,resnet32,0.7104,0.7184,0.7840645701455121,0.5959602533416315,0.18810431695204566,resnet32,0.7165,0.7154,0.7804614878682927,0.591215105981312,0.1892463828077201,resnet32,0.7105,0.7106,0.7981637344187633,0.6056595025584102,0.19250423147935758,resnet32,0.7209,0.7132,0.7625507856719196,0.5692487636327066,0.1933020215100524,resnet32,0.7159,0.7204,0.7833348143930462,0.5937605026093397,0.18957431363576854,resnet32,0.7179,0.7072,0.7670850777913901,0.5758562612093308,0.1912288162857294,resnet32,0.7197,0.7162,0.7758060701360757,0.5859809436158023,0.18982512700710108,resnet32,0.7185,0.717,0.7833983948962255,0.5895412446592342,0.193857149919495,13500000.0,5000.0,54010000.0,7183330000.0,57466640000.0
resnet32x8_cifar100_K8_mwmd3_seed0001_d001,d001,resnet32:8,cifar100,8,matched,mwmd3,peers,1,200,64,0.1,0.9,0.0005,True,0,60,0.1,1.0,3,,disagreement,1.0,1,0.0,0.5,weight,complete,0.0,0.0,42,0,45000,5000,10000,3760032,133,0.0010000000000000002,3,121.8,0.716675,0.002542513520121376,0.7123,0.7214,0.7526,0.035925000000000096,0.7145250000000001,0.7484,0.21407142857142855,0.677001659875147,0.21604285714285718,0.6761910238075368,0.716675,resnet32,0.7143,0.7176,0.7766985074108974,0.5853591734882105,0.19133933241987092,resnet32,0.7184,0.721,0.7700425518083979,0.5804876772771504,0.18955487408675253,resnet32,0.7123,0.7098,0.7914416541514749,0.5959298880770802,0.19551176522773775,resnet32,0.7214,0.7124,0.7589942337098446,0.5646817676130343,0.19431246681646866,resnet32,0.7172,0.7166,0.7794910658743571,0.5849995293908499,0.19449153772174296,resnet32,0.7164,0.7058,0.7615642425265502,0.5713870377618481,0.19017720517744732,resnet32,0.7175,0.7218,0.7675596340982751,0.5776727662464096,0.18988686831752685,resnet32,0.7159,0.7112,0.7771235916932876,0.5814429421655156,0.19568064959127118,13500000.0,5000.0,54010000.0,7237340000.0,57898720000.0
resnet32x8_cifar100_K8_mwmd3_seed0001_d001,d001,resnet32:8,cifar100,8,matched,mwmd3,peers,1,200,64,0.1,0.9,0.0005,True,0,60,0.1,1.0,3,,disagreement,1.0,1,0.0,0.5,weight,complete,0.0,0.0,42,0,45000,5000,10000,3760032,134,0.0010000000000000002,3,122.24,0.715725,0.003063392727026689,0.7097,0.7206,0.75,0.034275000000000055,0.71385,0.7492,0.2128857142857143,0.6783933327819597,0.21253214285714286,0.684635536121987,0.715725,resnet32,0.7133,0.714,0.7771137719973922,0.5826849733817984,0.19442879840392957,resnet32,0.7172,0.7196,0.7682514450174164,0.5763044140132313,0.19194703084543685,resnet32,0.7097,0.7096,0.7797461501322687,0.587124537083913,0.1926216136304323,resnet32,0.7206,0.7118,0.747606529854238,0.556484530701048,0.19112199848644773,resnet32,0.7152,0.7154,0.7704561436125501,0.5786042747892101,0.19185186846351082,resnet32,0.7173,0.7084,0.7572832618501376,0.5646756974218244,0.19260756435423074,resnet32,0.7176,0.7192,0.7639778616668825,0.5725175368345596,0.1914603247899901,resnet32,0.7149,0.7128,0.767742050642317,0.5770807824605568,0.19066126688002524,13500000.0,5000.0,54010000.0,7291350000.0,58330800000.0
resnet32x8_cifar100_K8_mwmd3_seed0001_d001,d001,resnet32:8,cifar100,8,matched,mwmd3,peers,1,200,64,0.1,0.9,0.0005,True,0,60,0.1,1.0,3,,disagreement,1.0,1,0.0,0.5,weight,complete,0.0,0.0,42,0,45000,5000,10000,3760032,135,0.0010000000000000002,3,121.95,0.7166,0.003966421561054767,0.7101,0.7245,0.753,0.03639999999999999,0.714575,0.7494,0.21287857142857142,0.6775468609921248,0.21490714285714288,0.6788162502874069,0.7166,resnet32,0.7101,0.7154,0.7683695343492384,0.5721953129395843,0.19617422213989563,resnet32,0.7174,0.7184,0.7594034747559238,0.5657102113843642,0.19369326536120338,resnet32,0.7125,0.7146,0.7789722798730839,0.5816451479172842,0.19732713302470406,resnet32,0.7245,0.713,0.7414920653047209,0.5499300371262837,0.1915620269296183,resnet32,0.7164,0.7156,0.7633589916354553,0.5702739045108584,0.19308508816175163,resnet32,0.7169,0.7066,0.7500236981802366,0.5556236400734633,0.19440005981067027,resnet32,0.7185,0.7186,0.7551226355135441,0.5643407161008905,0.19078192047097467,resnet32,0.7165,0.7144,0.7608712100508538,0.5661357989196073,0.19473541089841587,13500000.0,5000.0,54010000.0,7345360000.0,58762880000.0
resnet32x8_cifar100_K8_mwmd3_seed0001_d001,d001,resnet32:8,cifar100,8,matched,mwmd3,peers,1,200,64,0.1,0.9,0.0005,True,0,60,0.1,1.0,3,,disagreement,1.0,1,0.0,0.5,weight,complete,0.0,0.0,42,0,45000,5000,10000,3760032,136,0.0010000000000000002,3,121.9,0.7156,0.003927467377331094,0.7087,0.7218,0.7503,0.03469999999999995,0.71355,0.7528,0.2136142857142857,0.6789809032781766,0.2161785714285714,0.6765488381902554,0.7156,resnet32,0.7124,0.717,0.767416769257662,0.5719235329042104,0.19549323712602595,resnet32,0.7153,0.7234,0.7597174442119219,0.5654340479946272,0.1942833957198838,resnet32,0.7087,0.708,0.7741935232823546,0.5787838307124648,0.19540969278155404,resnet32,0.7218,0.7106,0.7412960831160572,0.54823934155601,0.19305674032181164,resnet32,0.7132,0.715,0.7605530579405074,0.5674286314540289,0.19312442661347715,resnet32,0.7191,0.707,0.7468529932031577,0.5553668695078655,0.1914861234624616,resnet32,0.7186,0.7172,0.7515380315228619,0.5614380172284489,0.19010001349008895,resnet32,0.7157,0.7102,0.7618457410399887,0.5677364930849184,0.19410924884406003,13500000.0,5000.0,54010000.0,7399370000.0,59194960000.0
resnet32x8_cifar100_K8_mwmd3_seed0001_d001,d001,resnet32:8,cifar100,8,matched,mwmd3,peers,1,200,64,0.1,0.9,0.0005,True,0,60,0.1,1.0,3,,disagreement,1.0,1,0.0,0.5,weight,complete,0.0,0.0,42,0,45000,5000,10000,3760032,137,0.0010000000000000002,3,121.96,0.7173625,0.0035633332358902415,0.7124,0.7244,0.7513,0.033937499999999954,0.715425,0.754,0.2151357142857143,0.676174206348767,0.21666428571428573,0.6744746574268807,0.7173625,resnet32,0.7124,0.7168,0.7660429143685509,0.5696295654316518,0.19641335064079612,resnet32,0.7147,0.7158,0.7547731363976543,0.5603794215501032,0.19439371463588692,resnet32,0.7146,0.7144,0.7762133426202292,0.5775048244236545,0.19870851849290458,resnet32,0.7244,0.7128,0.7405841832303188,0.5453246651979332,0.1952595182863826,resnet32,0.717,0.7178,0.7651061262850735,0.5672930772416294,0.19781304808037187,resnet32,0.7169,0.7124,0.747878191569312,0.5520082904364575,0.1958699014715173,resnet32,0.7208,0.7198,0.7521639923057095,0.559560917106203,0.1926030755064196,resnet32,0.7181,0.7136,0.7535066294737838,0.5598691355606372,0.19363749334165317,13500000.0,5000.0,54010000.0,7453380000.0,59627040000.0
resnet32x8_cifar100_K8_mwmd3_seed0001_d001,d001,resnet32:8,cifar100,8,matched,mwmd3,peers,1,200,64,0.1,0.9,0.0005,True,0,60,0.1,1.0,3,,disagreement,1.0,1,0.0,0.5,weight,complete,0.0,0.0,42,0,45000,5000,10000,3760032,138,0.0010000000000000002,3,121.83,0.715275,0.004254923618585877,0.7083,0.7215,0.7517,0.03642500000000004,0.7135750000000001,0.751,0.21459285714285717,0.6759511176086298,0.2181535714285714,0.6732018004288198,0.715275,resnet32,0.7119,0.719,0.7609403962269425,0.5642472236332569,0.19669317240318793,resnet32,0.7178,0.7222,0.7578040023588322,0.5597432562658056,0.19806074810383673,resnet32,0.7083,0.7092,0.770891241856258,0.5722609224559908,0.19863031906160442,resnet32,0.7191,0.712,0.7344769233075733,0.5369398284026168,0.19753709325397556,resnet32,0.7106,0.7154,0.7582901572300629,0.5613531875000759,0.19693696788850834,resnet32,0.7168,0.7082,0.745959681543437,0.5484000082889741,0.19755967435511676,resnet32,0.7215,0.7152,0.7486325680193576,0.5556851875629615,0.19294738058339467,resnet32,0.7162,0.7074,0.7582357838241891,0.5576402084817264,0.2005955764642832,13500000.0,5000.0,54010000.0,7507390000.0,60059120000.0
resnet32x8_cifar100_K8_mwmd3_seed0001_d001,d001,resnet32:8,cifar100,8,matched,mwmd3,peers,1,200,64,0.1,0.9,0.0005,True,0,60,0.1,1.0,3,,disagreement,1.0,1,0.0,0.5,weight,complete,0.0,0.0,42,0,45000,5000,10000,3760032,139,0.0010000000000000002,3,122.0,0.7166874999999999,0.0034693073876495882,0.7116,0.7223,0.7522,0.03551250000000006,0.7135,0.75,0.21494999999999995,0.6795001281490393,0.21692142857142854,0.6745179795179724,0.7166874999999999,resnet32,0.7116,0.7186,0.756695971231569,0.5581029687838798,0.1985930030191825,resnet32,0.7181,0.7194,0.752141362902793,0.5559432370672849,0.19619812543334608,resnet32,0.7137,0.7122,0.7676955376413058,0.5670299186286601,0.20066561883273112,resnet32,0.7223,0.7108,0.7346754975786264,0.536495100876147,0.19818039540074428,resnet32,0.7135,0.7142,0.7564699703150175,0.5573905761861666,0.19907939395951954,resnet32,0.7165,0.7054,0.7387978612783958,0.5426437522454018,0.19615410873666406,resnet32,0.7209,0.7122,0.746210362973877,0.5510124900928614,0.19519787397108634,resnet32,0.7169,0.7152,0.7503862676464699,0.5542720072818074,0.19611425943333993,13500000.0,5000.0,54010000.0,7561400000.0,60491200000.0
resnet32x8_cifar100_K8_mwmd3_seed0001_d001,d001,resnet32:8,cifar100,8,matched,mwmd3,peers,1,200,64,0.1,0.9,0.0005,True,0,60,0.1,1.0,3,,disagreement,1.0,1,0.0,0.5,weight,complete,0.0,0.0,42,0,45000,5000,10000,3760032,140,0.0010000000000000002,3,122.19,0.7162375,0.0049137403014404375,0.7107,0.7242,0.7538,0.037562500000000054,0.713375,0.7498,0.21927142857142856,0.6673253354890492,0.22097857142857144,0.6665998692952367,0.7162375,resnet32,0.7107,0.7172,0.7550774697976356,0.5550846145064994,0.1999928552064706,resnet32,0.7198,0.7184,0.7467389469966292,0.5498956259848042,0.1968433210647411,resnet32,0.7114,0.7124,0.7634898256510496,0.561966177160767,0.201523648659614,resnet32,0.7242,0.7088,0.7315378747457131,0.5323965829289095,0.1991412914993072,resnet32,0.7107,0.7166,0.7531098700128496,0.550888177769428,0.20222169304774565,resnet32,0.7177,0.7124,0.7358868128874085,0.5393855224194174,0.1965012909759852,resnet32,0.7213,0.7112,0.7419029890813611,0.546069267459891,0.19583372053139927,resnet32,0.7141,0.71,0.7457900510846891,0.5496593318794939,0.1961307184855369,13500000.0,5000.0,54010000.0,7615410000.0,60923280000.0
resnet32x8_cifar100_K8_mwmd3_seed0001_d001,d001,resnet32:8,cifar100,8,matched,mwmd3,peers,1,200,64,0.1,0.9,0.0005,True,0,60,0.1,1.0,3,,disagreement,1.0,1,0.0,0.5,weight,complete,0.0,0.0,42,0,45000,5000,10000,3760032,141,0.0010000000000000002,3,122.18,0.71695,0.004201190307520007,0.7119,0.7244,0.7567,0.03975000000000006,0.715,0.7524,0.21834285714285714,0.6689427079111441,0.22039642857142852,0.6678108181797763,0.71695,resnet32,0.7163,0.72,0.7504402225075121,0.5519735580733554,0.1984666634605012,resnet32,0.7169,0.715,0.7446589287878438,0.544147396587174,0.2005115325604989,resnet32,0.7119,0.7132,0.7570898932066153,0.5567998930134557,0.20028999955816704,resnet32,0.7244,0.716,0.7234972716647793,0.5237166301601313,0.1997806418221444,resnet32,0.7138,0.7158,0.7465519396672872,0.5479072548703037,0.19864468363283033,resnet32,0.7153,0.7086,0.7329611604271288,0.5338204237209125,0.19914073634638704,resnet32,0.7231,0.7188,0.7359953878701411,0.540704790672118,0.19529059779068286,resnet32,0.7139,0.7126,0.7477976981211792,0.5441328469579193,0.20366485270840878,13500000.0,5000.0,54010000.0,7669420000.0,61355360000.0
resnet32x8_cifar100_K8_mwmd3_seed0001_d001,d001,resnet32:8,cifar100,8,matched,mwmd3,peers,1,200,64,0.1,0.9,0.0005,True,0,60,0.1,1.0,3,,disagreement,1.0,1,0.0,0.5,weight,complete,0.0,0.0,42,0,45000,5000,10000,3760032,142,0.0010000000000000002,3,122.05,0.7162625,0.0033331432237454274,0.71,0.7208,0.7549,0.03863749999999999,0.714375,0.751,0.21825714285714284,0.6699094449005447,0.22126428571428566,0.6670111488543464,0.7162625,resnet32,0.7138,0.7138,0.7485791704278778,0.5487391003830866,0.19984006948388097,resnet32,0.7166,0.7208,0.7419847725805911,0.5428919195282188,0.19909285227979787,resnet32,0.71,0.7104,0.7611910081891851,0.5579415398057211,0.2032494680553844,resnet32,0.7208,0.7134,0.7276274240575731,0.5278717922470109,0.1997556321280585,resnet32,0.7138,0.7186,0.7484928604046052,0.545538514259864,0.20295434577432883,resnet32,0.7175,0.7136,0.7341019260612401,0.5317634192972698,0.20233850670047104,resnet32,0.7199,0.7126,0.7397784892130982,0.5411024485630068,0.19867604040667752,resnet32,0.7177,0.7118,0.7413931512273848,0.5427208416671916,0.19867230970835822,13500000.0,5000.0,54010000.0,7723430000.0,61787440000.0
resnet32x8_cifar100_K8_mwmd3_seed0001_d001,d001,resnet32:8,cifar100,8,matched,mwmd3,peers,1,200,64,0.1,0.9,0.0005,True,0,60,0.1,1.0,3,,disagreement,1.0,1,0.0,0.5,weight,complete,0.0,0.0,42,0,45000,5000,10000,3760032,143,0.0010000000000000002,3,121.8,0.7154375,0.0035549041829562905,0.7086,0.7203,0.7554,0.03996250000000001,0.7140500000000001,0.7508,0.22105714285714284,0.6634192386986894,0.22071071428571432,0.6701520944916916,0.7154375,resnet32,0.7129,0.7164,0.7481377713212912,0.5458653917620805,0.20227237934754652,resnet32,0.7164,0.7186,0.7413942179727283,0.5403893349099566,0.20100488338026812,resnet32,0.7086,0.7064,0.7582599516026676,0.5532942547632212,0.2049656973262741,resnet32,0.7203,0.7158,0.7216332349926233,0.5221706454811449,0.1994625904639675,resnet32,0.7131,0.7142,0.7424555923366412,0.542233347935094,0.20022224552336743,resnet32,0.716,0.7112,0.7336994907395407,0.531415044711056,0.20228444671639326,resnet32,0.7194,0.7168,0.7353478692133318,0.5373553383926098,0.19799253083130514,resnet32,0.7168,0.713,0.7462213153696873,0.5416364257054572,0.20458489024630663,13500000.0,5000.0,54010000.0,7777440000.0,62219520000.0
resnet32x8_cifar100_K8_mwmd3_seed0001_d001,d001,resnet32:8,cifar100,8,matched,mwmd3,peers,1,200,64,0.1,0.9,0.0005,True,0,60,0.1,1.0,3,,disagreement,1.0,1,0.0,0.5,weight,complete,0.0,0.0,42,0,45000,5000,10000,3760032,144,0.0010000000000000002,3,121.89,0.7164625,0.003470208026905598,0.7105,0.7216,0.7573,0.04083749999999997,0.716275,0.7526,0.2176857142857144,0.6677285167394486,0.22094285714285716,0.6669040286529891,0.7164625,resnet32,0.7127,0.7178,0.7476525688543916,0.5437367233363065,0.20391584509475666,resnet32,0.7184,0.7194,0.7405877207744528,0.5369855807670816,0.20360214057886464,resnet32,0.7105,0.7118,0.755573734133081,0.5509831500662998,0.20459058458535848,resnet32,0.7216,0.7168,0.7200455174950714,0.5199476211670447,0.20009789609519596,resnet32,0.7144,0.7148,0.7442065271633592,0.5418694192882288,0.2023371083407917,resnet32,0.7163,0.7138,0.7314374128949236,0.5292966497469355,0.20214076302098957,resnet32,0.7193,0.7186,0.732007931071249,0.5334291076287627,0.19857882456430656,resnet32,0.7185,0.7172,0.7479203346354718,0.5411284864795479,0.20679184805009176,13500000.0,5000.0,54010000.0,7831450000.0,62651600000.0
resnet32x8_cifar100_K8_mwmd3_seed0001_d001,d001,resnet32:8,cifar100,8,matched,mwmd3,peers,1,200,64,0.1,0.9,0.0005,True,0,60,0.1,1.0,3,,disagreement,1.0,1,0.0,0.5,weight,complete,0.0,0.0,42,0,45000,5000,10000,3760032,145,0.0010000000000000002,3,121.99,0.71665,0.003923327669211435,0.7087,0.7218,0.7539,0.037250000000000005,0.7151500000000001,0.753,0.21722857142857147,0.6712848523530789,0.220675,0.6665454265013383,0.71665,resnet32,0.7147,0.7186,0.7388714653947814,0.5372602643275802,0.20161120176569305,resnet32,0.7185,0.7196,0.7397462688809768,0.5338278065266256,0.20591846246018328,resnet32,0.7087,0.7142,0.7478025603446771,0.5443745478141037,0.2034280112182552,resnet32,0.7204,0.713,0.7149514936503362,0.5121482821520079,0.2028032116676596,resnet32,0.7136,0.7156,0.7377513578076932,0.5367597537115216,0.2009916041596708,resnet32,0.7182,0.7106,0.7225021065466783,0.521066808946092,0.20143529680684547,resnet32,0.7218,0.7152,0.7280847105959599,0.5269854045473039,0.201099304291843,resnet32,0.7173,0.7144,0.7335118717429313,0.5317511686377905,0.20176070364488458,13500000.0,5000.0,54010000.0,7885460000.0,63083680000.0
resnet32x8_cifar100_K8_mwmd3_seed0001_d001,d001,resnet32:8,cifar100,8,matched,mwmd3,peers,1,200,64,0.1,0.9,0.0005,True,0,60,0.1,1.0,3,,disagreement,1.0,1,0.0,0.5,weight,complete,0.0,0.0,42,0,45000,5000,10000,3760032,146,0.0010000000000000002,3,122.22,0.7161,0.004203569911396733,0.7082,0.7226,0.7522,0.03610000000000002,0.715575,0.754,0.2217142857142856,0.6615182077448498,0.22154285714285718,0.668693847090542,0.7161,resnet32,0.7123,0.7146,0.737772218205712,0.5345175529152832,0.2032546646871858,resnet32,0.7193,0.7244,0.732510147404603,0.5296135199764236,0.20289662689901888,resnet32,0.7082,0.706,0.7456411629999903,0.5412220383824949,0.20441912366500634,resnet32,0.7183,0.7174,0.7158760387789119,0.5119428982196207,0.20393314100378615,resnet32,0.7152,0.72,0.7332254981791432,0.5305594859898768,0.20266601235859774,resnet32,0.7147,0.709,0.7241049055433408,0.5204462088348175,0.20365869645452636,resnet32,0.7226,0.7178,0.728973419913514,0.528274245348505,0.20069917416284708,resnet32,0.7182,0.7154,0.7391171645034443,0.5324498210948977,0.20666734283705326,13500000.0,5000.0,54010000.0,7939470000.0,63515760000.0
resnet32x8_cifar100_K8_mwmd3_seed0001_d001,d001,resnet32:8,cifar100,8,matched,mwmd3,peers,1,200,64,0.1,0.9,0.0005,True,0,60,0.1,1.0,3,,disagreement,1.0,1,0.0,0.5,weight,complete,0.0,0.0,42,0,45000,5000,10000,3760032,147,0.0010000000000000002,3,121.85,0.71835,0.0038807215823864305,0.7123,0.725,0.7555,0.037149999999999905,0.7184999999999999,0.7546,0.21632142857142855,0.6715920995519118,0.21893928571428575,0.6691898141448563,0.71835,resnet32,0.7136,0.7236,0.738800057252361,0.5335783368315209,0.20522171912968837,resnet32,0.7188,0.7216,0.7276961572298949,0.5263562176630578,0.20133993977850134,resnet32,0.7181,0.7172,0.7472102771174501,0.5406364180062982,0.2065738603388044,resnet32,0.7222,0.7154,0.716997929171405,0.5121715032410893,0.20482642463916403,resnet32,0.7123,0.7178,0.742605816191909,0.5350304040211168,0.20757541293278337,resnet32,0.7194,0.7154,0.722762546967715,0.5181560170498084,0.20460653027773582,resnet32,0.725,0.7206,0.7283064066432416,0.5254305907609788,0.2028758166971701,resnet32,0.7174,0.7164,0.7333644331348214,0.5287939222444865,0.20457051055167208,13500000.0,5000.0,54010000.0,7993480000.0,63947840000.0
resnet32x8_cifar100_K8_mwmd3_seed0001_d001,d001,resnet32:8,cifar100,8,matched,mwmd3,peers,1,200,64,0.1,0.9,0.0005,True,0,60,0.1,1.0,3,,disagreement,1.0,1,0.0,0.5,weight,complete,0.0,0.0,42,0,45000,5000,10000,3760032,148,0.0010000000000000002,3,122.55,0.7154375,0.004846632207007252,0.708,0.7217,0.7519,0.036462500000000064,0.7136,0.7496,0.21855714285714292,0.670833527619517,0.22136071428571433,0.6688298008884345,0.7154375,resnet32,0.7119,0.7162,0.7376132444055243,0.5315748357468031,0.20603840865872122,resnet32,0.718,0.7174,0.7303056507794694,0.5266783063892614,0.20362734500403432,resnet32,0.708,0.7102,0.7495800382457674,0.5413727905939926,0.20820724851959807,resnet32,0.7217,0.7144,0.7141881232488562,0.5082127101804045,0.20597541393627497,resnet32,0.7092,0.7144,0.7329726848243312,0.5293659638528797,0.20360672015654432,resnet32,0.7161,0.7144,0.7166129503907128,0.5143368469805203,0.20227610271170057,resnet32,0.7209,0.7138,0.7239443086595698,0.5226625118573959,0.20128179670692506,resnet32,0.7177,0.708,0.7337848823940889,0.5256602809002454,0.2081246015996757,13500000.0,5000.0,54010000.0,8047490000.0,64379920000.0
resnet32x8_cifar100_K8_mwmd3_seed0001_d001,d001,resnet32:8,cifar100,8,matched,mwmd3,peers,1,200,64,0.1,0.9,0.0005,True,0,60,0.1,1.0,3,,disagreement,1.0,1,0.0,0.5,weight,complete,0.0,0.0,42,0,45000,5000,10000,3760032,149,0.0010000000000000002,3,121.92,0.7174250000000001,0.0034495470717182553,0.7124,0.7214,0.7554,0.03797499999999987,0.71585,0.7508,0.21972857142857147,0.6675195900836796,0.22135,0.6680412278293507,0.7174250000000001,resnet32,0.7127,0.7186,0.7358350142921236,0.5279695254919882,0.20786548863080415,resnet32,0.7211,0.7246,0.7216110986403443,0.5166638232132589,0.20494727662298828,resnet32,0.7147,0.7132,0.7421698515642096,0.5331160564144904,0.20905379495922138,resnet32,0.7214,0.7132,0.7060252048329196,0.505094644317234,0.2009305601346899,resnet32,0.7124,0.715,0.7290139769373293,0.5237093885767866,0.20530458838170904,resnet32,0.7178,0.7102,0.7100418917411431,0.5089619917879727,0.20107989891601558,resnet32,0.7203,0.7152,0.719533296852288,0.5161637935194779,0.20336950494145806,resnet32,0.719,0.7168,0.7268408178775148,0.5214490220797333,0.20539179505695673,13500000.0,5000.0,54010000.0,8101500000.0,64812000000.0
resnet32x8_cifar100_K8_mwmd3_seed0001_d001,d001,resnet32:8,cifar100,8,matched,mwmd3,peers,1,200,64,0.1,0.9,0.0005,True,0,60,0.1,1.0,3,,disagreement,1.0,1,0.0,0.5,weight,complete,0.0,0.0,42,0,45000,5000,10000,3760032,150,0.0010000000000000002,3,121.9,0.7157500000000001,0.0038665229858362224,0.7105,0.7232,0.7537,0.03794999999999993,0.7134,0.7508,0.22064285714285717,0.6698215628035492,0.22171785714285716,0.6690017050890332,0.7157500000000001,resnet32,0.7105,0.717,0.7313029006208208,0.5233172455125235,0.20798565460030327,resnet32,0.7174,0.7224,0.725923720323904,0.5184506280347705,0.20747309396128086,resnet32,0.7116,0.7102,0.741031757301905,0.5303241860714148,0.21070757034150037,resnet32,0.7232,0.71,0.7017822399396788,0.49994045682251453,0.2018417833288285,resnet32,0.7127,0.7128,0.732113486028869,0.5238940875807946,0.20821939878673715,resnet32,0.7154,0.7134,0.7081720863299613,0.5043420682407238,0.20383001765532588,resnet32,0.718,0.7106,0.7159971746785397,0.5142499899745665,0.20174718506380238,resnet32,0.7172,0.7108,0.7244767918759449,0.5169689342464235,0.20750785801051694,13500000.0,5000.0,54010000.0,8155510000.0,65244080000.0
resnet32x8_cifar100_K8_mwmd3_seed0001_d001,d001,resnet32:8,cifar100,8,matched,mwmd3,peers,1,200,64,0.1,0.9,0.0005,True,0,60,0.1,1.0,3,,disagreement,1.0,1,0.0,0.5,weight,complete,0.0,0.0,42,0,45000,5000,10000,3760032,151,0.0010000000000000002,3,121.82,0.714525,0.0052365900164133596,0.7077,0.7229,0.7541,0.03957500000000003,0.713375,0.7504,0.22328571428571428,0.6607044325006968,0.22262500000000005,0.669729058022442,0.714525,resnet32,0.7077,0.7166,0.7284727491523054,0.522388353351165,0.20608439660546454,resnet32,0.7178,0.7204,0.7206122350709682,0.5144555395977064,0.20615669490176847,resnet32,0.7097,0.7126,0.7365751406177878,0.5290515324608847,0.20752360777590761,resnet32,0.7193,0.7136,0.7072071156633849,0.4995557072318413,0.2076514075213874,resnet32,0.7079,0.7118,0.7234266058711166,0.5179343469525602,0.2054922591937198,resnet32,0.7151,0.708,0.7126446854407814,0.5043049234346572,0.20833976054564118,resnet32,0.7229,0.7164,0.720218623268672,0.5132071117193184,0.20701151036403395,resnet32,0.7158,0.7076,0.7226765794171528,0.5147342428311028,0.20794233633205295,13500000.0,5000.0,54010000.0,8209520000.0,65676160000.0
resnet32x8_cifar100_K8_mwmd3_seed0001_d001,d001,resnet32:8,cifar100,8,matched,mwmd3,peers,1,200,64,0.1,0.9,0.0005,True,0,60,0.1,1.0,3,,disagreement,1.0,1,0.0,0.5,weight,complete,0.0,0.0,42,0,45000,5000,10000,3760032,152,0.0010000000000000002,3,122.37,0.7167625,0.004461204293685727,0.7107,0.7238,0.7569,0.04013750000000005,0.7141,0.755,0.2225357142857143,0.6609651774072244,0.22447857142857136,0.6628863112436167,0.7167625,resnet32,0.7128,0.7198,0.7309226425025951,0.5224039909768511,0.20851865236181766,resnet32,0.717,0.7196,0.7276130624708127,0.517079168591987,0.2105338929263367,resnet32,0.7135,0.7056,0.7376891498623247,0.528232649942352,0.20945649920031428,resnet32,0.723,0.7146,0.6996070114811036,0.49461220302195713,0.2049948077606545,resnet32,0.7107,0.714,0.7221263722431931,0.5161790353754028,0.20594733631746334,resnet32,0.7147,0.7112,0.7067060502754017,0.5006775592707775,0.20602849042254753,resnet32,0.7238,0.7146,0.715865244242278,0.5130503945560618,0.20281485083978623,resnet32,0.7186,0.7134,0.7212782910686325,0.5149226896888153,0.20635560293554922,13500000.0,5000.0,54010000.0,8263530000.0,66108240000.0
resnet32x8_cifar100_K8_mwmd3_seed0001_d001,d001,resnet32:8,cifar100,8,matched,mwmd3,peers,1,200,64,0.1,0.9,0.0005,True,0,60,0.1,1.0,3,,disagreement,1.0,1,0.0,0.5,weight,complete,0.0,0.0,42,0,45000,5000,10000,3760032,153,0.0010000000000000002,3,122.34,0.7167875,0.004438309785267349,0.7073,0.7227,0.7561,0.03931249999999997,0.716825,0.7522,0.22247142857142851,0.6598632077055575,0.22237500000000002,0.6662814567046994,0.7167875,resnet32,0.7155,0.7216,0.7260311681099914,0.5184310365637596,0.20760013124990193,resnet32,0.7169,0.7228,0.7209696615622803,0.5118319495073096,0.2091377121819691,resnet32,0.7073,0.7106,0.7330300383777781,0.5220547610978511,0.21097527838058092,resnet32,0.7227,0.7138,0.7011426868001845,0.4934656774117188,0.2076770095154643,resnet32,0.7145,0.7196,0.7293848338198256,0.5172438857314939,0.2121409480459988,resnet32,0.7181,0.7126,0.7109156504527412,0.5010946857404303,0.20982096513563936,resnet32,0.7216,0.7162,0.7146060172976418,0.5105412106283687,0.20406480618244546,resnet32,0.7177,0.7174,0.7184860465032133,0.5106080737049606,0.20787797411057082,13500000.0,5000.0,54010000.0,8317540000.0,66540320000.0
resnet32x8_cifar100_K8_mwmd3_seed0001_d001,d001,resnet32:8,cifar100,8,matched,mwmd3,peers,1,200,64,0.1,0.9,0.0005,True,0,60,0.1,1.0,3,,disagreement,1.0,1,0.0,0.5,weight,complete,0.0,0.0,42,0,45000,5000,10000,3760032,154,0.0010000000000000002,3,122.04,0.715525,0.0048025383913093455,0.7081,0.7244,0.7533,0.037775,0.7158,0.7508,0.2211642857142857,0.6620495680825157,0.22374642857142854,0.6632904205439719,0.715525,resnet32,0.7125,0.7238,0.726307347628542,0.5163046457720074,0.21000270285135644,resnet32,0.7146,0.7208,0.7170012588612735,0.5086374997203662,0.2083637593525716,resnet32,0.7081,0.7098,0.7309268458153714,0.5203580871986394,0.21056875923055818,resnet32,0.7208,0.7128,0.6970270972868259,0.48941008621742105,0.2076170107730749,resnet32,0.7127,0.7144,0.7174050059508194,0.5104576486840167,0.20694735769013112,resnet32,0.714,0.715,0.6992873534221541,0.49516946272077883,0.20411789129403504,resnet32,0.7244,0.7124,0.7088493444872174,0.5033047609877858,0.20554458360526373,resnet32,0.7171,0.7174,0.7153250887058675,0.5053900363008407,0.20993505367501217,13500000.0,5000.0,54010000.0,8371550000.0,66972400000.0
resnet32x8_cifar100_K8_mwmd3_seed0001_d001,d001,resnet32:8,cifar100,8,matched,mwmd3,peers,1,200,64,0.1,0.9,0.0005,True,0,60,0.1,1.0,3,,disagreement,1.0,1,0.0,0.5,weight,complete,0.0,0.0,42,0,45000,5000,10000,3760032,155,0.0010000000000000002,3,121.95,0.7150125,0.003689999153116419,0.7112,0.7221,0.7542,0.03918749999999993,0.7155,0.7546,0.22530714285714287,0.655094363287857,0.22742857142857148,0.6586213135289596,0.7150125,resnet32,0.7114,0.722,0.7256005337800492,0.5138589552688327,0.21174157914620909,resnet32,0.7134,0.7192,0.7142949093725871,0.5054649631492794,0.20882994556714865,resnet32,0.7112,0.7064,0.7322278058325703,0.5203525726683438,0.21187523276206444,resnet32,0.7186,0.713,0.6947700712745163,0.4885449992408129,0.20622507207603616,resnet32,0.7128,0.7198,0.7186892052519728,0.5100918234410611,0.20859738206490874,resnet32,0.713,0.7112,0.7077956722456623,0.49534998076375236,0.21244569076225162,resnet32,0.7221,0.717,0.7101540536704388,0.5025482834740118,0.2076057712547481,resnet32,0.7176,0.7154,0.716443748425015,0.5061056951526552,0.21033805337819186,13500000.0,5000.0,54010000.0,8425560000.0,67404480000.0
resnet32x8_cifar100_K8_mwmd3_seed0001_d001,d001,resnet32:8,cifar100,8,matched,mwmd3,peers,1,200,64,0.1,0.9,0.0005,True,0,60,0.1,1.0,3,,disagreement,1.0,1,0.0,0.5,weight,complete,0.0,0.0,42,0,45000,5000,10000,3760032,156,0.0010000000000000002,3,122.05,0.7157,0.004481071300481616,0.7093,0.7223,0.7541,0.03839999999999999,0.71685,0.7604,0.2217,0.659477310765306,0.22396071428571424,0.6627040688763225,0.7157,resnet32,0.7144,0.7228,0.7178391001017933,0.5073494511148469,0.2104896494949406,resnet32,0.7162,0.7216,0.713042126968503,0.5025040611032058,0.21053806588646362,resnet32,0.7094,0.7142,0.7230776807885956,0.5134335084056313,0.20964417172680525,resnet32,0.7215,0.717,0.6906683936884458,0.4830453754191033,0.20762301810001108,resnet32,0.7093,0.7154,0.7141960864378647,0.5040434391491793,0.21015264800834385,resnet32,0.7166,0.7146,0.6979664711450989,0.49008806570517743,0.2078784053340893,resnet32,0.7223,0.7164,0.6992552212693475,0.49611594049598684,0.20313928094269199,resnet32,0.7159,0.7128,0.714629075024277,0.5020526509139348,0.21257642419500786,13500000.0,5000.0,54010000.0,8479570000.0,67836560000.0
resnet32x8_cifar100_K8_mwmd3_seed0001_d001,d001,resnet32:8,cifar100,8,matched,mwmd3,peers,1,200,64,0.1,0.9,0.0005,True,0,60,0.1,1.0,3,,disagreement,1.0,1,0.0,0.5,weight,complete,0.0,0.0,42,0,45000,5000,10000,3760032,157,0.0010000000000000002,3,122.57,0.7154375,0.0037282494216455244,0.7098,0.7215,0.757,0.04156250000000006,0.71655,0.7574,0.22444285714285708,0.6579698346120628,0.22698214285714283,0.6620038046104403,0.7154375,resnet32,0.7098,0.722,0.717303784140809,0.507251916389743,0.21005186849189075,resnet32,0.7173,0.7232,0.711185251023959,0.5023396966809576,0.20884555457583207,resnet32,0.7101,0.7118,0.7283356197771024,0.515000864122571,0.21333475567569787,resnet32,0.7184,0.7158,0.6920190434479578,0.4824233651161194,0.20959567934782666,resnet32,0.7149,0.7138,0.718200736340474,0.5048739339267327,0.21332680027593265,resnet32,0.7166,0.7172,0.7001384688879956,0.49121862110173836,0.20891984808258712,resnet32,0.7215,0.7148,0.7070244546048343,0.49853456049988215,0.20848989478227767,resnet32,0.7149,0.7138,0.7132347377694466,0.4998538922518492,0.2133808457080952,13500000.0,5000.0,54010000.0,8533580000.0,68268640000.0
resnet32x8_cifar100_K8_mwmd3_seed0001_d001,d001,resnet32:8,cifar100,8,matched,mwmd3,peers,1,200,64,0.1,0.9,0.0005,True,0,60,0.1,1.0,3,,disagreement,1.0,1,0.0,0.5,weight,complete,0.0,0.0,42,0,45000,5000,10000,3760032,158,0.0010000000000000002,3,121.89,0.715875,0.003293079865414744,0.7094,0.7204,0.7567,0.040825,0.7158249999999999,0.7554,0.22399999999999998,0.658367854634369,0.22432500000000002,0.6659967678279758,0.715875,resnet32,0.7151,0.7242,0.7166435929353941,0.5027919074266471,0.21385168603790755,resnet32,0.7153,0.7186,0.7122138668783009,0.5011592473919418,0.21105461942285977,resnet32,0.7094,0.7074,0.7276930563490499,0.5129604208367792,0.21473263582976704,resnet32,0.7198,0.7112,0.6916377087208357,0.48130919225513935,0.2103285178838467,resnet32,0.7135,0.7136,0.7176609575240449,0.5032483127222143,0.2144126459448175,resnet32,0.7174,0.7156,0.6980191855268045,0.48773807947608555,0.2102811057332226,resnet32,0.7204,0.7178,0.7083891153928231,0.49825589350340044,0.21013322205875407,resnet32,0.7161,0.7182,0.7127098543569446,0.5003509752621705,0.21235887898894196,13500000.0,5000.0,54010000.0,8587590000.0,68700720000.0
resnet32x8_cifar100_K8_mwmd3_seed0001_d001,d001,resnet32:8,cifar100,8,matched,mwmd3,peers,1,200,64,0.1,0.9,0.0005,True,0,60,0.1,1.0,3,,disagreement,1.0,1,0.0,0.5,weight,complete,0.0,0.0,42,0,45000,5000,10000,3760032,159,0.0010000000000000002,3,121.97,0.7161125,0.0037052117011042844,0.7107,0.7236,0.7546,0.03848750000000001,0.7172499999999999,0.7586,0.22478571428571434,0.6562227115259928,0.2258571428571429,0.6631457203165159,0.7161125,resnet32,0.7146,0.7244,0.7170374853621152,0.5025685512545434,0.2144689335784113,resnet32,0.7149,0.719,0.7087484760717913,0.4957526871426539,0.21299578888680448,resnet32,0.7107,0.7106,0.7224903413179246,0.5078804379498417,0.2146099031775851,resnet32,0.7193,0.7176,0.6885688078420406,0.47718169434334745,0.2113871136256917,resnet32,0.7129,0.72,0.7109130775471303,0.49969992092387244,0.21121315766041251,resnet32,0.7164,0.71,0.6951449882154438,0.4854099288667468,0.20973505928519776,resnet32,0.7236,0.7216,0.708731597289443,0.4929832989688624,0.21574829876507548,resnet32,0.7165,0.7148,0.708897702649913,0.49416405851529405,0.21473364409228618,13500000.0,5000.0,54010000.0,8641600000.0,69132800000.0
resnet32x8_cifar100_K8_mwmd3_seed0001_d001,d001,resnet32:8,cifar100,8,matched,mwmd3,peers,1,200,64,0.1,0.9,0.0005,True,0,60,0.1,1.0,3,,disagreement,1.0,1,0.0,0.5,weight,complete,0.0,0.0,42,0,45000,5000,10000,3760032,160,0.0010000000000000002,3,121.85,0.7174,0.0029618406439239774,0.7131,0.7232,0.7589,0.04149999999999998,0.7143999999999999,0.7542,0.2260285714285715,0.6564610546404114,0.22741071428571424,0.6559143157509765,0.7174,resnet32,0.7163,0.719,0.7154403118501332,0.5041952934116125,0.2112450194333426,resnet32,0.7187,0.7224,0.7089043743485077,0.4949486003765328,0.21395577503029595,resnet32,0.7131,0.7058,0.7219129276715897,0.5087302921509201,0.2131826369176534,resnet32,0.7186,0.7112,0.6895803819325838,0.47522016877139156,0.21436021354218776,resnet32,0.7139,0.717,0.7117808515375311,0.49847033954310144,0.21331051254475658,resnet32,0.7169,0.7132,0.6988788408396597,0.4828410216141492,0.21603781742636452,resnet32,0.7232,0.7174,0.7070604666898196,0.49199328800155356,0.21506717856126753,resnet32,0.7185,0.7092,0.7063518501394852,0.4958529451184652,0.21049890421669593,13500000.0,5000.0,54010000.0,8695610000.0,69564880000.0
resnet32x8_cifar100_K8_mwmd3_seed0001_d001,d001,resnet32:8,cifar100,8,matched,mwmd3,peers,1,200,64,0.1,0.9,0.0005,True,0,60,0.1,1.0,3,,disagreement,1.0,1,0.0,0.5,weight,complete,0.0,0.0,42,0,45000,5000,10000,3760032,161,0.0010000000000000002,3,122.24,0.7167874999999999,0.0025934713705765065,0.7123,0.7217,0.7576,0.04081250000000014,0.7137,0.7538,0.22552142857142862,0.6602036483160758,0.22604642857142862,0.6598278845124029,0.7167874999999999,resnet32,0.7161,0.7206,0.7126242257231339,0.501446961382912,0.2111772645307197,resnet32,0.7153,0.7218,0.7027001171796159,0.4923593671992421,0.21034074991687454,resnet32,0.7162,0.7054,0.7191381492567334,0.5053796981546012,0.2137584504883059,resnet32,0.7164,0.7122,0.6913669326935302,0.47568874346854334,0.21567818933081898,resnet32,0.7123,0.711,0.710502277805724,0.49693958766081114,0.21356268862093036,resnet32,0.7193,0.7124,0.6949095339514315,0.4812250475145199,0.21368448563258757,resnet32,0.7217,0.7134,0.7047109462066807,0.4891526751558889,0.21555827160111882,resnet32,0.717,0.7128,0.7044051627374508,0.4908173583151603,0.21358780495145105,13500000.0,5000.0,54010000.0,8749620000.0,69996960000.0
resnet32x8_cifar100_K8_mwmd3_seed0001_d001,d001,resnet32:8,cifar100,8,matched,mwmd3,peers,1,200,64,0.1,0.9,0.0005,True,0,60,0.1,1.0,3,,disagreement,1.0,1,0.0,0.5,weight,complete,0.0,0.0,42,0,45000,5000,10000,3760032,162,0.0010000000000000002,3,121.93,0.714925,0.0033424354892802473,0.7107,0.7198,0.7574,0.04247499999999993,0.711425,0.7546,0.23046428571428576,0.6546084713786463,0.2314857142857143,0.6530265232665107,0.714925,resnet32,0.7111,0.7116,0.7132950667715208,0.4972513462840156,0.216043720476922,resnet32,0.7143,0.7198,0.7087246399711479,0.49352281872945075,0.21520182128402998,resnet32,0.7121,0.7114,0.7211753883060407,0.5028329703279517,0.21834241755476053,resnet32,0.7194,0.7108,0.6845993161709472,0.47273059585131705,0.2118687209122899,resnet32,0.7107,0.7116,0.7091465554708107,0.4957890155809847,0.21335754058831793,resnet32,0.7149,0.705,0.6971330762502145,0.4809480823618783,0.21618499385658652,resnet32,0.7198,0.7134,0.7020867613821544,0.4894175134091215,0.2126692476978695,resnet32,0.7171,0.7078,0.7072385594841432,0.49173302690244536,0.2155055332378569,13500000.0,5000.0,54010000.0,8803630000.0,70429040000.0
resnet32x8_cifar100_K8_mwmd3_seed0001_d001,d001,resnet32:8,cifar100,8,matched,mwmd3,peers,1,200,64,0.1,0.9,0.0005,True,0,60,0.1,1.0,3,,disagreement,1.0,1,0.0,0.5,weight,complete,0.0,0.0,42,0,45000,5000,10000,3760032,163,0.0010000000000000002,3,122.09,0.7168375,0.003698627279140201,0.7098,0.7237,0.7577,0.040862500000000024,0.7152499999999999,0.7564,0.2276428571428571,0.6520472603533473,0.22765357142857148,0.656081844633501,0.7168375,resnet32,0.7163,0.7216,0.7186496369117363,0.4996727049477737,0.21897693304345012,resnet32,0.7171,0.7212,0.703500065529211,0.4909760296260091,0.2125240363159471,resnet32,0.7145,0.7138,0.7205508790317584,0.5023164644583382,0.21823441394901072,resnet32,0.7194,0.7144,0.6870666780424389,0.4740052955140444,0.21306138260247695,resnet32,0.7098,0.7104,0.7129605925133959,0.49471218594011257,0.21824840720827607,resnet32,0.7174,0.7104,0.6923431908627126,0.4782928342253647,0.21405035560019314,resnet32,0.7237,0.7124,0.6987369343723085,0.48798374548046425,0.21075318872251295,resnet32,0.7165,0.7178,0.7075413564558733,0.491174405334856,0.21636695016852833,13500000.0,5000.0,54010000.0,8857640000.0,70861120000.0
resnet32x8_cifar100_K8_mwmd3_seed0001_d001,d001,resnet32:8,cifar100,8,matched,mwmd3,peers,1,200,64,0.1,0.9,0.0005,True,0,60,0.1,1.0,3,,disagreement,1.0,1,0.0,0.5,weight,complete,0.0,0.0,42,0,45000,5000,10000,3760032,164,0.0010000000000000002,3,122.33,0.7156,0.0038755644750152352,0.7118,0.7216,0.7578,0.042200000000000015,0.71565,0.7562,0.22534285714285712,0.6596617303409805,0.22928928571428572,0.6537295635875429,0.7156,resnet32,0.7131,0.7236,0.706756548829038,0.48933898170732637,0.21741756744979118,resnet32,0.7132,0.7218,0.7019701051017777,0.48657586527141655,0.21539423906836996,resnet32,0.7118,0.7076,0.7220221399329603,0.5026125857945193,0.21940955515442925,resnet32,0.7215,0.714,0.6822204347276553,0.4675992090170356,0.21462122632444583,resnet32,0.7123,0.7106,0.7068675441921435,0.489642996086993,0.21722454664466734,resnet32,0.7181,0.7168,0.6940404908223585,0.4772836608727547,0.21675682889128273,resnet32,0.7216,0.7184,0.6998503962108358,0.48572380775162444,0.21412658896720546,resnet32,0.7132,0.7124,0.7038346076468852,0.4884328931485387,0.21540171559900045,13500000.0,5000.0,54010000.0,8911650000.0,71293200000.0
resnet32x8_cifar100_K8_mwmd3_seed0001_d001,d001,resnet32:8,cifar100,8,matched,mwmd3,peers,1,200,64,0.1,0.9,0.0005,True,0,60,0.1,1.0,3,,disagreement,1.0,1,0.0,0.5,weight,complete,0.0,0.0,42,0,45000,5000,10000,3760032,165,0.0010000000000000002,3,123.1,0.7162625,0.004947458312103297,0.7083,0.7255,0.7562,0.03993749999999996,0.7139,0.7556,0.22614285714285717,0.6584362164495067,0.22644642857142855,0.6589367618285099,0.7162625,resnet32,0.7114,0.722,0.7114300864579325,0.4937625916420736,0.21766749437136407,resnet32,0.717,0.7196,0.7065746353685178,0.4865542412312193,0.22002039197832346,resnet32,0.7083,0.7072,0.7181474227373573,0.49917323830198834,0.21897418367337773,resnet32,0.7183,0.7128,0.6832222792912613,0.469370166876946,0.21385211222381753,resnet32,0.7131,0.7142,0.7065356286157939,0.490028301211582,0.21650732848369938,resnet32,0.7189,0.7108,0.6941110232252289,0.47803835282948887,0.2160726694009182,resnet32,0.7255,0.7148,0.7014679830013351,0.4850634143857116,0.21640456867912275,resnet32,0.7176,0.7098,0.704272190193561,0.48695406478575687,0.21731812509030782,13500000.0,5000.0,54010000.0,8965660000.0,71725280000.0
resnet32x8_cifar100_K8_mwmd3_seed0001_d001,d001,resnet32:8,cifar100,8,matched,mwmd3,peers,1,200,64,0.1,0.9,0.0005,True,0,60,0.1,1.0,3,,disagreement,1.0,1,0.0,0.5,weight,complete,0.0,0.0,42,0,45000,5000,10000,3760032,166,0.0010000000000000002,3,121.86,0.7161625,0.004284547088082928,0.7123,0.7258,0.7583,0.04213749999999994,0.7144,0.752,0.2272285714285714,0.6530838537589103,0.22887857142857143,0.6559548663018951,0.7161625,resnet32,0.7129,0.718,0.7081522789191116,0.4902950739064677,0.21785720486447893,resnet32,0.7182,0.7186,0.7033978010612455,0.4839555963196538,0.2194422060327435,resnet32,0.7125,0.7094,0.7113078901628879,0.49413429302248085,0.21717359639958225,resnet32,0.7158,0.7138,0.6854727347804741,0.4676848843016408,0.21778785060583192,resnet32,0.7123,0.7138,0.7031671014529738,0.4872838217680427,0.21588327976959673,resnet32,0.7136,0.7156,0.6921079524962063,0.4744115170430053,0.21769643445837905,resnet32,0.7258,0.7168,0.6974496423605491,0.48255605051632633,0.21489359211938625,resnet32,0.7182,0.7092,0.7018909744749015,0.48356521751900966,0.21832575549540872,13500000.0,5000.0,54010000.0,9019670000.0,72157360000.0
resnet32x8_cifar100_K8_mwmd3_seed0001_d001,d001,resnet32:8,cifar100,8,matched,mwmd3,peers,1,200,64,0.1,0.9,0.0005,True,0,60,0.1,1.0,3,,disagreement,1.0,1,0.0,0.5,weight,complete,0.0,0.0,42,0,45000,5000,10000,3760032,167,0.0010000000000000002,3,121.84,0.7178625000000001,0.004050289341516227,0.7092,0.7225,0.7582,0.040337499999999915,0.714175,0.7542,0.2278,0.6517381525434068,0.22783214285714287,0.6529752283610406,0.7178625000000001,resnet32,0.7182,0.7194,0.7035847685977139,0.48873614092272794,0.214848627272824,resnet32,0.718,0.7184,0.6981923017566177,0.4835126348771155,0.21467966618101028,resnet32,0.7139,0.7088,0.7157535469159484,0.49587451137433,0.21987903501245787,resnet32,0.7205,0.714,0.6849911989728835,0.4654479763597589,0.21954322343861515,resnet32,0.7092,0.7138,0.705804267601872,0.4877813510512086,0.21802291739732027,resnet32,0.7202,0.7138,0.6833647201261059,0.4686724129979583,0.21469230713873086,resnet32,0.7225,0.7166,0.6975019410337236,0.47929668284698645,0.21820525916039266,resnet32,0.7204,0.7086,0.7052098126150668,0.4841237775981426,0.22108603613874453,13500000.0,5000.0,54010000.0,9073680000.0,72589440000.0
resnet32x8_cifar100_K8_mwmd3_seed0001_d001,d001,resnet32:8,cifar100,8,matched,mwmd3,peers,1,200,64,0.1,0.9,0.0005,True,0,60,0.1,1.0,3,,disagreement,1.0,1,0.0,0.5,weight,complete,0.0,0.0,42,0,45000,5000,10000,3760032,168,0.0010000000000000002,3,122.02,0.7133625,0.002404130560098592,0.7097,0.7169,0.7564,0.04303749999999995,0.7133499999999999,0.753,0.23375714285714283,0.6480921780794114,0.23164642857142856,0.6571576075399798,0.7133625,resnet32,0.7127,0.7154,0.7115146693858233,0.48921200525100256,0.22230266515080901,resnet32,0.7114,0.7176,0.7038482779382982,0.4848308929411525,0.21901738453148442,resnet32,0.711,0.7104,0.717573297421702,0.49608422206206754,0.22148907650262117,resnet32,0.7143,0.7168,0.684453564950011,0.46767992327328434,0.21677364201538943,resnet32,0.7097,0.7146,0.7076558736152947,0.4884454727342183,0.21921040043658155,resnet32,0.7161,0.7134,0.6890329076400534,0.47274154699830845,0.21629135987975381,resnet32,0.7169,0.7114,0.6992026468823579,0.48214060347527266,0.21706204370341517,resnet32,0.7148,0.7072,0.7061328821900216,0.4836385680404915,0.22249431419186294,13500000.0,5000.0,54010000.0,9127690000.0,73021520000.0
resnet32x8_cifar100_K8_mwmd3_seed0001_d001,d001,resnet32:8,cifar100,8,matched,mwmd3,peers,1,200,64,0.1,0.9,0.0005,True,0,60,0.1,1.0,3,,disagreement,1.0,1,0.0,0.5,weight,complete,0.0,0.0,42,0,45000,5000,10000,3760032,169,0.0010000000000000002,3,122.17,0.7141000000000001,0.0029874738492579197,0.7094,0.7191,0.7565,0.04239999999999988,0.71295,0.7556,0.23245714285714286,0.6492013702540326,0.23322857142857142,0.6523900793134166,0.7141000000000001,resnet32,0.7122,0.7144,0.7028986815024506,0.4826196358242834,0.2202790456146679,resnet32,0.7119,0.7202,0.6967420037835836,0.4774902106940069,0.2192517929625782,resnet32,0.7126,0.7072,0.7130809125744484,0.49334552528505976,0.21973538686606017,resnet32,0.7157,0.7116,0.674695076463236,0.45875732268376107,0.21593775460496545,resnet32,0.7094,0.7116,0.6981715668331493,0.4804141180674461,0.21775744982402434,resnet32,0.7174,0.711,0.6827005375261334,0.4670313310767101,0.21566920564509928,resnet32,0.7191,0.7144,0.6930115872740068,0.47719128542071715,0.2158203007526357,resnet32,0.7145,0.7132,0.7019975864413109,0.4800011763476174,0.22199641047468918,13500000.0,5000.0,54010000.0,9181700000.0,73453600000.0
resnet32x8_cifar100_K8_mwmd3_seed0001_d001,d001,resnet32:8,cifar100,8,matched,mwmd3,peers,1,200,64,0.1,0.9,0.0005,True,0,60,0.1,1.0,3,,disagreement,1.0,1,0.0,0.5,weight,complete,0.0,0.0,42,0,45000,5000,10000,3760032,170,0.0010000000000000002,3,121.97,0.7135125,0.004786292275864494,0.7056,0.7218,0.7565,0.042987499999999956,0.713975,0.7504,0.2285357142857143,0.6558469065504278,0.23159642857142856,0.6539308019579285,0.7135125,resnet32,0.711,0.7182,0.7065933020362123,0.48711710812693293,0.21947619344361805,resnet32,0.7136,0.7174,0.6984749315306544,0.47990720528601244,0.21856772544031794,resnet32,0.7056,0.7106,0.7155813634903594,0.49471407993273303,0.22086728472177955,resnet32,0.7184,0.7134,0.6822372755797749,0.4615684848871421,0.22066879009997303,resnet32,0.709,0.7128,0.7047549137337641,0.48355351422320714,0.22120140031488103,resnet32,0.7144,0.7084,0.6896034826270558,0.47034306642176077,0.2192604153374718,resnet32,0.7218,0.7148,0.6941967598924582,0.4767518759789792,0.21744488325731998,resnet32,0.7143,0.7162,0.705142014448277,0.4815595192750069,0.2235824959987605,13500000.0,5000.0,54010000.0,9235710000.0,73885680000.0
resnet32x8_cifar100_K8_mwmd3_seed0001_d001,d001,resnet32:8,cifar100,8,matched,mwmd3,peers,1,200,64,0.1,0.9,0.0005,True,0,60,0.1,1.0,3,,disagreement,1.0,1,0.0,0.5,weight,complete,0.0,0.0,42,0,45000,5000,10000,3760032,171,0.0010000000000000002,3,122.28,0.7149874999999999,0.005348232768868623,0.7077,0.7246,0.7592,0.0442125000000001,0.713175,0.7586,0.2320785714285714,0.6473002383734449,0.23392857142857146,0.6483137869156066,0.7149874999999999,resnet32,0.7135,0.7186,0.7043284552849152,0.4809244179844179,0.22340403736399655,resnet32,0.71,0.719,0.6980710128660906,0.4766020127995448,0.22146900042637505,resnet32,0.71,0.709,0.713036359922791,0.4896538275802,0.22338253012011675,resnet32,0.7188,0.7142,0.6772442283532158,0.46110024861991405,0.2161439804741266,resnet32,0.7077,0.7104,0.6989511170170524,0.47937764625319024,0.21957347122952342,resnet32,0.7165,0.711,0.6873497464694083,0.46661491408436134,0.22073483177122066,resnet32,0.7246,0.7114,0.6932111704637381,0.47457735397090967,0.21863381670449267,resnet32,0.7188,0.7118,0.6988992020487785,0.4778041572479362,0.22109504554166712,13500000.0,5000.0,54010000.0,9289720000.0,74317760000.0
resnet32x8_cifar100_K8_mwmd3_seed0001_d001,d001,resnet32:8,cifar100,8,matched,mwmd3,peers,1,200,64,0.1,0.9,0.0005,True,0,60,0.1,1.0,3,,disagreement,1.0,1,0.0,0.5,weight,complete,0.0,0.0,42,0,45000,5000,10000,3760032,172,0.0010000000000000002,3,121.98,0.7120375000000001,0.0038035961602147085,0.7074,0.7203,0.7565,0.04446249999999985,0.7139,0.7538,0.2346928571428572,0.6430815723252071,0.23840357142857144,0.646538414857222,0.7120375000000001,resnet32,0.7112,0.7162,0.7059930495240472,0.48399312692609703,0.22199992251328446,resnet32,0.7136,0.7202,0.691592004192485,0.4728908156129447,0.21870118916161696,resnet32,0.7074,0.7104,0.7120280991393056,0.4887767204887826,0.2232513789045201,resnet32,0.7121,0.7164,0.6733744977126744,0.4560109753669663,0.21736352355219424,resnet32,0.7076,0.7168,0.6987783355977047,0.47988696830262517,0.2188913663214242,resnet32,0.7133,0.7088,0.6867154898460616,0.46476197748614306,0.22195351372515273,resnet32,0.7203,0.711,0.6871717319485139,0.4710748439908705,0.21609688681465658,resnet32,0.7108,0.7114,0.6950113842771812,0.4748105156150731,0.2202008685986088,13500000.0,5000.0,54010000.0,9343730000.0,74749840000.0
resnet32x8_cifar100_K8_mwmd3_seed0001_d001,d001,resnet32:8,cifar100,8,matched,mwmd3,peers,1,200,64,0.1,0.9,0.0005,True,0,60,0.1,1.0,3,,disagreement,1.0,1,0.0,0.5,weight,complete,0.0,0.0,42,0,45000,5000,10000,3760032,173,0.0010000000000000002,3,122.05,0.7136125,0.003313396105206852,0.7093,0.7187,0.7577,0.04408750000000006,0.7121000000000001,0.7532,0.23409285714285707,0.6477183402232513,0.23458571428571431,0.6483303633678608,0.7136125,resnet32,0.7107,0.7182,0.6998593117195097,0.47878206885335123,0.22107724242166363,resnet32,0.7116,0.7172,0.6927895373664796,0.47141247953880916,0.22137705799700183,resnet32,0.7105,0.7062,0.7094980629838326,0.48508403744463896,0.2244140246502039,resnet32,0.7167,0.7078,0.6763851808130064,0.4555337438994849,0.22085143806709145,resnet32,0.7093,0.7138,0.6997035884044387,0.47613661393353884,0.2235669746084816,resnet32,0.7145,0.7112,0.6839473176832226,0.462852981491861,0.22109433587386526,resnet32,0.7187,0.71,0.6847458019090648,0.46771616696126084,0.2170296357309615,resnet32,0.7169,0.7124,0.6971980279988863,0.47409436466511,0.2231036626352844,13500000.0,5000.0,54010000.0,9397740000.0,75181920000.0
resnet32x8_cifar100_K8_mwmd3_seed0001_d001,d001,resnet32:8,cifar100,8,matched,mwmd3,peers,1,200,64,0.1,0.9,0.0005,True,0,60,0.1,1.0,3,,disagreement,1.0,1,0.0,0.5,weight,complete,0.0,0.0,42,0,45000,5000,10000,3760032,174,0.0010000000000000002,3,121.98,0.7147874999999999,0.0036923696659462322,0.7107,0.7208,0.7613,0.04651250000000007,0.7154499999999999,0.7538,0.2325928571428572,0.6445101184265686,0.23449285714285714,0.6462969426814243,0.7147874999999999,resnet32,0.7112,0.7236,0.7007774160751565,0.47807919526134024,0.22269822102548045,resnet32,0.7108,0.7222,0.6911176515489139,0.4689787453971803,0.2221389066173949,resnet32,0.7126,0.706,0.7060682721520689,0.4829788013700057,0.22308947158638726,resnet32,0.7181,0.715,0.6717778473076496,0.4497727451168678,0.22200510183095254,resnet32,0.7107,0.7156,0.6939036059193313,0.47112672276456247,0.22277688349343158,resnet32,0.7162,0.7098,0.6827766191298988,0.45926157708957116,0.2235150424001569,resnet32,0.7208,0.7186,0.6862617248923264,0.46520457446405833,0.22105714994144032,resnet32,0.7179,0.7128,0.693302852651951,0.47075203370133584,0.2225508180616254,13500000.0,5000.0,54010000.0,9451750000.0,75614000000.0
resnet32x8_cifar100_K8_mwmd3_seed0001_d001,d001,resnet32:8,cifar100,8,matched,mwmd3,peers,1,200,64,0.1,0.9,0.0005,True,0,60,0.1,1.0,3,,disagreement,1.0,1,0.0,0.5,weight,complete,0.0,0.0,42,0,45000,5000,10000,3760032,175,0.0010000000000000002,3,122.1,0.7145874999999999,0.0038946878886503777,0.7097,0.7229,0.759,0.04441250000000008,0.7128,0.7566,0.23485714285714285,0.6437978006984358,0.23797857142857146,0.6409979813885643,0.7145874999999999,resnet32,0.7118,0.7194,0.6987822494808246,0.47587180421264336,0.22291044505651703,resnet32,0.7148,0.7152,0.6938068633899093,0.4677546093960039,0.22605225373990834,resnet32,0.7113,0.7082,0.7106849005530503,0.4845507799393751,0.22613412052900952,resnet32,0.717,0.712,0.6707305240614171,0.4493893689729951,0.22134115657007153,resnet32,0.7097,0.7126,0.6962269875220954,0.47590053923936054,0.22032644809223711,resnet32,0.7132,0.7076,0.6829569049772214,0.46120346898467024,0.22175343592905186,resnet32,0.7229,0.7158,0.6875993754206733,0.4683628615880893,0.2192365141924132,resnet32,0.716,0.7116,0.6965715056285262,0.47113187539137225,0.22543962964449415,13500000.0,5000.0,54010000.0,9505760000.0,76046080000.0
resnet32x8_cifar100_K8_mwmd3_seed0001_d001,d001,resnet32:8,cifar100,8,matched,mwmd3,peers,1,200,64,0.1,0.9,0.0005,True,0,60,0.1,1.0,3,,disagreement,1.0,1,0.0,0.5,weight,complete,0.0,0.0,42,0,45000,5000,10000,3760032,176,0.0010000000000000002,3,122.12,0.7138,0.004263801121065574,0.7072,0.7195,0.758,0.04420000000000002,0.71345,0.7552,0.2318285714285714,0.6501945554382408,0.23568214285714287,0.6494303991690682,0.7138,resnet32,0.7151,0.7172,0.6987306907011027,0.4746633523821153,0.22406733899631284,resnet32,0.7128,0.7174,0.6926673736677251,0.46996118538928305,0.2227061879186129,resnet32,0.7072,0.7086,0.6986867540346627,0.4780368291857568,0.22064992495473812,resnet32,0.7195,0.7164,0.6720213034952228,0.4492168316448277,0.22280447189272803,resnet32,0.7079,0.7142,0.6949538915333423,0.4732462997040288,0.22170759081332522,resnet32,0.7145,0.7082,0.6797950025647879,0.45849445927888155,0.22130054400556468,resnet32,0.7194,0.7118,0.6874969257041812,0.4657830998343839,0.22171382555230099,resnet32,0.714,0.7138,0.689837750132111,0.4666316915007139,0.22320605943572114,13500000.0,5000.0,54010000.0,9559770000.0,76478160000.0
resnet32x8_cifar100_K8_mwmd3_seed0001_d001,d001,resnet32:8,cifar100,8,matched,mwmd3,peers,1,200,64,0.1,0.9,0.0005,True,0,60,0.1,1.0,3,,disagreement,1.0,1,0.0,0.5,weight,complete,0.0,0.0,42,0,45000,5000,10000,3760032,177,0.0010000000000000002,3,122.36,0.7132125,0.002668537755026148,0.7077,0.7177,0.758,0.04478749999999998,0.7121249999999999,0.7572,0.23549285714285714,0.6429969716695612,0.23674642857142855,0.6482381709502004,0.7132125,resnet32,0.7125,0.7152,0.6986407739618286,0.47600108763965016,0.222639686004682,resnet32,0.714,0.7142,0.688017685982314,0.4659568488978865,0.22206083507361737,resnet32,0.7116,0.7076,0.7054240262474526,0.480337086091326,0.22508694000796162,resnet32,0.7142,0.715,0.6730226546271958,0.45072141840037977,0.22230123489333148,resnet32,0.7077,0.7148,0.6942476869814775,0.4701284803873436,0.22411920754662293,resnet32,0.7145,0.7092,0.6818886079232801,0.45912095942449843,0.22276764758862555,resnet32,0.7177,0.7082,0.685853281354701,0.4651769425254315,0.22067633855410598,resnet32,0.7135,0.7128,0.6896836451593448,0.46634239417670126,0.22334125102497637,13500000.0,5000.0,54010000.0,9613780000.0,76910240000.0
resnet32x8_cifar100_K8_mwmd3_seed0001_d001,d001,resnet32:8,cifar100,8,matched,mwmd3,peers,1,200,64,0.1,0.9,0.0005,True,0,60,0.1,1.0,3,,disagreement,1.0,1,0.0,0.5,weight,complete,0.0,0.0,42,0,45000,5000,10000,3760032,178,0.0010000000000000002,3,122.65,0.7142,0.00282754310311973,0.7117,0.721,0.7603,0.04610000000000003,0.71295,0.7562,0.23429285714285714,0.6454450769396946,0.2353642857142857,0.6473002312995401,0.7142,resnet32,0.7131,0.7136,0.6981332587416876,0.4730657997160134,0.2250674599569968,resnet32,0.7128,0.7198,0.6936003919690847,0.4661307137205519,0.22746967943385243,resnet32,0.7125,0.709,0.7034448266283355,0.4775641309520738,0.22588069607842376,resnet32,0.7154,0.7118,0.6720320708965036,0.44979358100416983,0.22223848847418345,resnet32,0.7123,0.7102,0.6975405641662126,0.4744158490052955,0.22312471503391862,resnet32,0.7117,0.7064,0.6778219995850866,0.4551003070929172,0.22272169247100299,resnet32,0.721,0.715,0.6883458379571411,0.46297758199613204,0.22536825655366888,resnet32,0.7148,0.7178,0.6956838889216835,0.46837984842502256,0.22730403969233687,13500000.0,5000.0,54010000.0,9667790000.0,77342320000.0
resnet32x8_cifar100_K8_mwmd3_seed0001_d001,d001,resnet32:8,cifar100,8,matched,mwmd3,peers,1,200,64,0.1,0.9,0.0005,True,0,60,0.1,1.0,3,,disagreement,1.0,1,0.0,0.5,weight,complete,0.0,0.0,42,0,45000,5000,10000,3760032,179,0.0010000000000000002,3,122.22,0.714475,0.003689088640843418,0.7107,0.7229,0.7601,0.04562500000000003,0.712325,0.7582,0.23425714285714286,0.6454139979002697,0.23669642857142856,0.641909806809165,0.714475,resnet32,0.7128,0.7128,0.702082628257234,0.4749531451697377,0.2271294828546657,resnet32,0.7116,0.7128,0.6870219011537053,0.465071681865745,0.22195021966895598,resnet32,0.7107,0.708,0.6987185702997852,0.4738565284589475,0.2248620422641662,resnet32,0.7157,0.7136,0.6676436832851984,0.4472954244860871,0.22034825894727625,resnet32,0.7133,0.7128,0.6977026001126929,0.4711730256676674,0.2265295743815262,resnet32,0.7122,0.7092,0.6763211202130399,0.45433819126761094,0.22198292898776179,resnet32,0.7229,0.715,0.6846411952494897,0.4628864365037192,0.22175475840710782,resnet32,0.7166,0.7144,0.6930174953304231,0.46564134502444754,0.22737614992497998,13500000.0,5000.0,54010000.0,9721800000.0,77774400000.0
resnet32x8_cifar100_K8_mwmd3_seed0001_d001,d001,resnet32:8,cifar100,8,matched,mwmd3,peers,1,200,64,0.1,0.9,0.0005,True,0,60,0.1,1.0,3,,disagreement,1.0,1,0.0,0.5,weight,complete,0.0,0.0,42,0,45000,5000,10000,3760032,180,0.00010000000000000003,3,121.94,0.718675,0.00293246909617133,0.7155,0.724,0.7629,0.04422500000000007,0.718375,0.7616,0.22410000000000005,0.6549452197204476,0.2292178571428571,0.652415267120627,0.718675,resnet32,0.7166,0.7222,0.6488155920735814,0.4434312035287307,0.20538438843901863,resnet32,0.7201,0.7232,0.6422902421009812,0.4379635407293046,0.204326702197167,resnet32,0.7155,0.7162,0.6525981714525684,0.4473655945833095,0.20523257756775076,resnet32,0.7218,0.7166,0.6200873033905571,0.41941126728091727,0.20067603471265597,resnet32,0.7155,0.7152,0.6440920001742515,0.44188400396061217,0.20220799634063785,resnet32,0.7167,0.7162,0.6257352703250945,0.4266070768194781,0.1991281928917901,resnet32,0.724,0.7198,0.6334754068573768,0.4353103634097021,0.1981650436593389,resnet32,0.7192,0.7176,0.6450483629226007,0.43720224855298345,0.20784611396745525,13500000.0,5000.0,54010000.0,9775810000.0,78206480000.0
resnet32x8_cifar100_K8_mwmd3_seed0001_d001,d001,resnet32:8,cifar100,8,matched,mwmd3,peers,1,200,64,0.1,0.9,0.0005,True,0,60,0.1,1.0,3,,disagreement,1.0,1,0.0,0.5,weight,complete,0.0,0.0,42,0,45000,5000,10000,3760032,181,0.00010000000000000003,3,122.39,0.7196,0.0029702693480558266,0.7161,0.7251,0.7616,0.04200000000000004,0.718325,0.7576,0.22285000000000005,0.6567351664346052,0.2248214285714286,0.6578485891354083,0.7196,resnet32,0.718,0.7204,0.6271730918352577,0.4326516035309231,0.1945214871507646,resnet32,0.7206,0.722,0.625482599039308,0.42509977911090985,0.20038282113488426,resnet32,0.7161,0.719,0.630565564698455,0.43369408806955273,0.19687147533775054,resnet32,0.7225,0.7164,0.6031970258971507,0.40859948653219774,0.19459753957661716,resnet32,0.7165,0.718,0.6241987761194733,0.4292965540662408,0.19490222103724425,resnet32,0.7173,0.7108,0.6130364773456346,0.4152573512401432,0.1977791263806549,resnet32,0.7251,0.7234,0.6195877826857296,0.42437934543175454,0.1952084363438189,resnet32,0.7207,0.7166,0.6197658649391748,0.4253033647864041,0.19446250040676782,13500000.0,5000.0,54010000.0,9829820000.0,78638560000.0
resnet32x8_cifar100_K8_mwmd3_seed0001_d001,d001,resnet32:8,cifar100,8,matched,mwmd3,peers,1,200,64,0.1,0.9,0.0005,True,0,60,0.1,1.0,3,,disagreement,1.0,1,0.0,0.5,weight,complete,0.0,0.0,42,0,45000,5000,10000,3760032,182,0.00010000000000000003,3,121.89,0.7209125000000001,0.0034552270185908033,0.717,0.7272,0.7632,0.04228749999999992,0.72005,0.7618,0.22197857142857144,0.658930114660269,0.22570714285714288,0.6544203293796979,0.7209125000000001,resnet32,0.7189,0.7224,0.6227933223020624,0.4277016675226729,0.19509165501222014,resnet32,0.7195,0.7228,0.6164035076190802,0.42205959401855414,0.19434391369577497,resnet32,0.717,0.7136,0.6273942933925851,0.4323171380145306,0.1950771552933888,resnet32,0.7247,0.72,0.6014697427268733,0.40644726260903885,0.19502248020250013,resnet32,0.7173,0.72,0.62175840257921,0.42842235657471145,0.1933360451895913,resnet32,0.7195,0.717,0.6067627033388073,0.4126580856655809,0.19410461830821904,resnet32,0.7272,0.7192,0.6139483353207734,0.419422711012885,0.19452562641394747,resnet32,0.7232,0.7254,0.6149524230171334,0.4225859646050429,0.1923664583168416,13500000.0,5000.0,54010000.0,9883830000.0,79070640000.0
resnet32x8_cifar100_K8_mwmd3_seed0001_d001,d001,resnet32:8,cifar100,8,matched,mwmd3,peers,1,200,64,0.1,0.9,0.0005,True,0,60,0.1,1.0,3,,disagreement,1.0,1,0.0,0.5,weight,complete,0.0,0.0,42,0,45000,5000,10000,3760032,183,0.00010000000000000003,3,122.14,0.7208749999999999,0.0034248175133866675,0.7158,0.7277,0.7641,0.04322500000000007,0.7195750000000001,0.7614,0.22365714285714292,0.6568255436187037,0.22589285714285715,0.6546502796235683,0.7208749999999999,resnet32,0.7187,0.7196,0.617262282916768,0.42598610392517666,0.1912761806214059,resnet32,0.7223,0.7244,0.6166892520744692,0.41983330965211446,0.19685594127936798,resnet32,0.7183,0.7152,0.6249875767495144,0.4301217611963776,0.1948658160822974,resnet32,0.7234,0.7196,0.591974945103919,0.4027333390179344,0.18924160521816125,resnet32,0.7158,0.7184,0.6154310508123175,0.4249086589552462,0.19052239147607575,resnet32,0.7212,0.7168,0.5973622048358348,0.4082826472480189,0.18907955775714733,resnet32,0.7277,0.7228,0.605675717773424,0.41712203761562705,0.18855367888781158,resnet32,0.7196,0.7198,0.6127744810655713,0.4177011200861836,0.19507336083122276,13500000.0,5000.0,54010000.0,9937840000.0,79502720000.0
resnet32x8_cifar100_K8_mwmd3_seed0001_d001,d001,resnet32:8,cifar100,8,matched,mwmd3,peers,1,200,64,0.1,0.9,0.0005,True,0,60,0.1,1.0,3,,disagreement,1.0,1,0.0,0.5,weight,complete,0.0,0.0,42,0,45000,5000,10000,3760032,184,0.00010000000000000003,3,121.9,0.719375,0.002867381209396478,0.7165,0.7256,0.7637,0.04432500000000006,0.71985,0.76,0.22475714285714285,0.6512512898941543,0.2272214285714286,0.6565616271829782,0.719375,resnet32,0.7183,0.725,0.6147882943041623,0.421175756809217,0.19361253728328104,resnet32,0.7207,0.7244,0.602499473374337,0.41330210447565396,0.1891973698723384,resnet32,0.717,0.7176,0.620567383710295,0.4256894149055535,0.19487797016997568,resnet32,0.7211,0.7198,0.5878873326053674,0.39798913517204876,0.1898981973380697,resnet32,0.7167,0.7184,0.6145725979215719,0.41980761429294944,0.19476498367095535,resnet32,0.7191,0.7172,0.594061228827658,0.4057624826461754,0.18829874647781253,resnet32,0.7256,0.7216,0.6025095412253656,0.41333909828046506,0.18917044266973707,resnet32,0.7165,0.7148,0.6052029964683409,0.4142550663937899,0.1909479299687188,13500000.0,5000.0,54010000.0,9991850000.0,79934800000.0
resnet32x8_cifar100_K8_mwmd3_seed0001_d001,d001,resnet32:8,cifar100,8,matched,mwmd3,peers,1,200,64,0.1,0.9,0.0005,True,0,60,0.1,1.0,3,,disagreement,1.0,1,0.0,0.5,weight,complete,0.0,0.0,42,0,45000,5000,10000,3760032,185,0.00010000000000000003,3,121.95,0.719575,0.0040064791276131625,0.7126,0.7272,0.7626,0.04302499999999998,0.71855,0.7612,0.22395714285714283,0.6543142367088193,0.2266857142857143,0.6526259878769202,0.719575,resnet32,0.7176,0.7212,0.6139087598262862,0.42066935265690764,0.19323940721171146,resnet32,0.7206,0.7224,0.6079215965741738,0.4159224182367325,0.19199917865493757,resnet32,0.7126,0.7176,0.620872069827535,0.427343769824471,0.19352830004539678,resnet32,0.7227,0.7186,0.5849349160086025,0.398321040249853,0.18661387743089686,resnet32,0.7171,0.7146,0.6105689448304474,0.42036725038831885,0.1902016950982877,resnet32,0.7188,0.715,0.597678687592799,0.40622430193153297,0.19145438620100982,resnet32,0.7272,0.7196,0.6006501253948293,0.4114320911890404,0.18921803369779477,resnet32,0.72,0.7194,0.6070012214000929,0.41532475930977275,0.19167646346613765,13500000.0,5000.0,54010000.0,10045860000.0,80366880000.0
resnet32x8_cifar100_K8_mwmd3_seed0001_d001,d001,resnet32:8,cifar100,8,matched,mwmd3,peers,1,200,64,0.1,0.9,0.0005,True,0,60,0.1,1.0,3,,disagreement,1.0,1,0.0,0.5,weight,complete,0.0,0.0,42,0,45000,5000,10000,3760032,186,0.00010000000000000003,3,122.54,0.72055,0.0034481879299133396,0.7158,0.7278,0.7631,0.04254999999999998,0.7195750000000001,0.7602,0.22370714285714288,0.6538751693391747,0.22568571428571432,0.6584966476693356,0.72055,resnet32,0.7187,0.721,0.6092878775247796,0.4185395594262941,0.1907483195483854,resnet32,0.7194,0.7232,0.6045005696995015,0.4130071998489174,0.19149336972358552,resnet32,0.7158,0.7184,0.6197866902432658,0.4264578925742006,0.19332879601808434,resnet32,0.7233,0.718,0.5865865837443959,0.3958431747741997,0.19074340827170422,resnet32,0.7178,0.7184,0.6113117984496057,0.41947175977243617,0.19184003976724026,resnet32,0.7208,0.715,0.5950797168876637,0.4048734928946942,0.19020622473379428,resnet32,0.7278,0.7224,0.6007494111122056,0.4121547248637812,0.18859468611084262,resnet32,0.7208,0.7202,0.6067153015173972,0.41351748539388855,0.19319781735116107,13500000.0,5000.0,54010000.0,10099870000.0,80798960000.0
resnet32x8_cifar100_K8_mwmd3_seed0001_d001,d001,resnet32:8,cifar100,8,matched,mwmd3,peers,1,200,64,0.1,0.9,0.0005,True,0,60,0.1,1.0,3,,disagreement,1.0,1,0.0,0.5,weight,complete,0.0,0.0,42,0,45000,5000,10000,3760032,187,0.00010000000000000003,3,122.41,0.7202500000000001,0.0035014282800023364,0.7142,0.7267,0.7619,0.041649999999999965,0.72045,0.7618,0.22365000000000004,0.6557257593528077,0.22554642857142862,0.6554389250724819,0.7202500000000001,resnet32,0.7181,0.7222,0.6121150890195911,0.4211025630462576,0.19101252491501244,resnet32,0.7207,0.7244,0.6110478994775225,0.41480284825560043,0.19624505170874976,resnet32,0.7183,0.7152,0.6221640777604823,0.42631066156635905,0.19585341602479192,resnet32,0.7236,0.7216,0.5890804843299768,0.39846760129810055,0.1906128821111369,resnet32,0.7142,0.718,0.6152793944135986,0.42077447251755407,0.19450492231937294,resnet32,0.7201,0.7138,0.5954973365349526,0.4042505375109613,0.1912467993309044,resnet32,0.7267,0.7236,0.5990208116868003,0.4115050408396531,0.1875157704979012,resnet32,0.7203,0.7248,0.605682969558984,0.4163488753309304,0.1893340942174704,13500000.0,5000.0,54010000.0,10153880000.0,81231040000.0
resnet32x8_cifar100_K8_mwmd3_seed0001_d001,d001,resnet32:8,cifar100,8,matched,mwmd3,peers,1,200,64,0.1,0.9,0.0005,True,0,60,0.1,1.0,3,,disagreement,1.0,1,0.0,0.5,weight,complete,0.0,0.0,42,0,45000,5000,10000,3760032,188,0.00010000000000000003,3,122.9,0.7214125,0.002671346804516406,0.7175,0.7265,0.7633,0.041887499999999966,0.720275,0.764,0.22274999999999998,0.6571731441127009,0.2261464285714285,0.652754671381704,0.7214125,resnet32,0.7195,0.7212,0.6096398802050813,0.4175295548682863,0.19211032528387892,resnet32,0.722,0.7252,0.6021602280776609,0.4107970363799144,0.19136319144374944,resnet32,0.7199,0.7168,0.6139396723698486,0.42188675807450304,0.19205291459167545,resnet32,0.7238,0.7186,0.5853738044388592,0.3960299473255873,0.18934385714502158,resnet32,0.7175,0.7188,0.6066316568970003,0.4153984643476592,0.1912331932160834,resnet32,0.7224,0.7162,0.5934945105744357,0.4022316135974093,0.19126289650078185,resnet32,0.7265,0.7224,0.5987378438850018,0.41020628316751256,0.18853156133131546,resnet32,0.7197,0.723,0.6038711564615369,0.41273065156896005,0.19114050493490967,13500000.0,5000.0,54010000.0,10207890000.0,81663120000.0
resnet32x8_cifar100_K8_mwmd3_seed0001_d001,d001,resnet32:8,cifar100,8,matched,mwmd3,peers,1,200,64,0.1,0.9,0.0005,True,0,60,0.1,1.0,3,,disagreement,1.0,1,0.0,0.5,weight,complete,0.0,0.0,42,0,45000,5000,10000,3760032,189,0.00010000000000000003,3,122.41,0.7202124999999999,0.003324318539189654,0.7149,0.7259,0.7636,0.04338750000000002,0.7199249999999999,0.7622,0.22367857142857145,0.6532623249089339,0.22826428571428573,0.6522532109074316,0.7202124999999999,resnet32,0.7184,0.7238,0.6069276565685868,0.41691996514881874,0.19000769146210092,resnet32,0.7208,0.7214,0.6039076209152964,0.40993496240116656,0.19397265832363206,resnet32,0.718,0.7148,0.6171426161361689,0.42169538235545834,0.19544723344204779,resnet32,0.7245,0.7208,0.58072617336769,0.39416464176875626,0.1865615317788483,resnet32,0.7149,0.7202,0.6098305762068115,0.41600384059446777,0.19382673592983998,resnet32,0.7199,0.7166,0.5936919235709038,0.40131959154016594,0.19237233155449343,resnet32,0.7259,0.722,0.5966395673934709,0.40795729476535186,0.1886822725857862,resnet32,0.7193,0.7198,0.6002433881248262,0.40958177143792535,0.19066161642232063,13500000.0,5000.0,54010000.0,10261900000.0,82095200000.0
resnet32x8_cifar100_K8_mwmd3_seed0001_d001,d001,resnet32:8,cifar100,8,matched,mwmd3,peers,1,200,64,0.1,0.9,0.0005,True,0,60,0.1,1.0,3,,disagreement,1.0,1,0.0,0.5,weight,complete,0.0,0.0,42,0,45000,5000,10000,3760032,190,0.00010000000000000003,3,122.02,0.72035,0.0028761954036539117,0.7156,0.7261,0.7637,0.04335,0.720375,0.7626,0.22502142857142862,0.6516363997236516,0.22680000000000003,0.6541972405883351,0.72035,resnet32,0.7184,0.7242,0.609527838289399,0.417235892964527,0.19229194540953773,resnet32,0.7209,0.7254,0.608914698516442,0.41416842763481493,0.19474627153778618,resnet32,0.7183,0.7174,0.6168493949384852,0.42340513094413007,0.19344426406843757,resnet32,0.7215,0.7194,0.5871928374875676,0.3978419187267057,0.1893509180306203,resnet32,0.7156,0.719,0.6050790228288282,0.4148793195120313,0.19019970240664075,resnet32,0.7208,0.7156,0.5919274378737266,0.4031802180900492,0.18874722039750355,resnet32,0.7261,0.7222,0.5949516936882653,0.40680316651493986,0.18814852752257138,resnet32,0.7212,0.7198,0.6031178261407397,0.4117162938610735,0.1914015322902494,13500000.0,5000.0,54010000.0,10315910000.0,82527280000.0
resnet32x8_cifar100_K8_mwmd3_seed0001_d001,d001,resnet32:8,cifar100,8,matched,mwmd3,peers,1,200,64,0.1,0.9,0.0005,True,0,60,0.1,1.0,3,,disagreement,1.0,1,0.0,0.5,weight,complete,0.0,0.0,42,0,45000,5000,10000,3760032,191,0.00010000000000000003,3,122.51,0.7201625,0.003602061041959155,0.7149,0.7263,0.7628,0.042637499999999995,0.7201,0.7616,0.2230857142857143,0.6553479421210081,0.22775357142857147,0.650879107080309,0.7201625,resnet32,0.7164,0.7234,0.6036266812800684,0.4147556244226342,0.18887105641293933,resnet32,0.7205,0.725,0.604378666728735,0.4108035404404456,0.19357512476430697,resnet32,0.7176,0.714,0.6118161155503582,0.41899082280526107,0.19282529307317667,resnet32,0.7242,0.7178,0.5847677689638328,0.3933503704399548,0.19141739905303853,resnet32,0.7149,0.7178,0.6054821160875938,0.4129061470104551,0.19257597012487662,resnet32,0.7213,0.7172,0.5913304289040918,0.4008725147313354,0.19045791615181687,resnet32,0.7263,0.722,0.5952425762079656,0.40876998873004183,0.1864725877742537,resnet32,0.7201,0.7236,0.6025937184776095,0.41073773488063703,0.19185598426371475,13500000.0,5000.0,54010000.0,10369920000.0,82959360000.0
resnet32x8_cifar100_K8_mwmd3_seed0001_d001,d001,resnet32:8,cifar100,8,matched,mwmd3,peers,1,200,64,0.1,0.9,0.0005,True,0,60,0.1,1.0,3,,disagreement,1.0,1,0.0,0.5,weight,complete,0.0,0.0,42,0,45000,5000,10000,3760032,192,0.00010000000000000003,3,122.36,0.7195125,0.0034301740116209605,0.7153,0.726,0.7599,0.04038750000000002,0.7194499999999999,0.7584,0.22349285714285716,0.6561907475369504,0.22813928571428574,0.6528163938296362,0.7195125,resnet32,0.7178,0.7182,0.6024316211061721,0.41283215959133074,0.18959946028718894,resnet32,0.7186,0.725,0.5997750664722513,0.40812620433809405,0.19164886251515287,resnet32,0.7153,0.7168,0.6104448690417815,0.41835919655436143,0.1920856722969223,resnet32,0.723,0.72,0.5811193117617883,0.39187015023675154,0.1892491606783799,resnet32,0.7153,0.7146,0.6049569273706187,0.41197899043221364,0.19297793600708246,resnet32,0.7202,0.7172,0.5888615522364323,0.39722548981874506,0.1916360630315136,resnet32,0.726,0.7206,0.5930763771757483,0.40278157977048645,0.19029479736292904,resnet32,0.7199,0.7232,0.5979282438162375,0.40848230479539116,0.1894459387562661,13500000.0,5000.0,54010000.0,10423930000.0,83391440000.0
resnet32x8_cifar100_K8_mwmd3_seed0001_d001,d001,resnet32:8,cifar100,8,matched,mwmd3,peers,1,200,64,0.1,0.9,0.0005,True,0,60,0.1,1.0,3,,disagreement,1.0,1,0.0,0.5,weight,complete,0.0,0.0,42,0,45000,5000,10000,3760032,193,0.00010000000000000003,3,122.01,0.7204875,0.003316035848720582,0.7152,0.7266,0.7619,0.041412500000000074,0.72025,0.7624,0.22487857142857143,0.651805627663059,0.22838214285714284,0.6522050389001638,0.7204875,resnet32,0.7186,0.721,0.6056778943166137,0.4150834929367358,0.190594400734302,resnet32,0.7217,0.7256,0.5991990695792165,0.40920774213207717,0.18999132554216142,resnet32,0.7173,0.7172,0.6150114223445681,0.42199126161126926,0.19302016037346964,resnet32,0.7232,0.7208,0.5824533107013188,0.3907981093718924,0.19165520008060744,resnet32,0.7152,0.7202,0.6077452325685457,0.41561649688942864,0.19212873600719665,resnet32,0.7208,0.714,0.5898005168630995,0.39848250218413095,0.19131801523987882,resnet32,0.7266,0.723,0.5971891383047808,0.4071293645961718,0.19005977353927764,resnet32,0.7205,0.7202,0.5997468338517303,0.4084285545501519,0.1913182797460732,13500000.0,5000.0,54010000.0,10477940000.0,83823520000.0
resnet32x8_cifar100_K8_mwmd3_seed0001_d001,d001,resnet32:8,cifar100,8,matched,mwmd3,peers,1,200,64,0.1,0.9,0.0005,True,0,60,0.1,1.0,3,,disagreement,1.0,1,0.0,0.5,weight,complete,0.0,0.0,42,0,45000,5000,10000,3760032,194,0.00010000000000000003,3,122.04,0.7209749999999999,0.003462567688869061,0.7165,0.7278,0.7636,0.042625000000000024,0.7209,0.761,0.22249285714285713,0.656544217149572,0.22607857142857143,0.6526968087608628,0.7209749999999999,resnet32,0.718,0.7238,0.6063964221287858,0.4133926879995587,0.19300373453138905,resnet32,0.7207,0.7236,0.5992085644128647,0.4070540388241749,0.1921545271444219,resnet32,0.7182,0.7208,0.6105437155558981,0.4187587217470123,0.19178499438037927,resnet32,0.7237,0.719,0.5792513723823834,0.3911654601635581,0.18808591173199768,resnet32,0.7165,0.722,0.6028625630688939,0.41236712493595074,0.1904954375826161,resnet32,0.723,0.714,0.5876864511942999,0.398132789012214,0.18955366118726405,resnet32,0.7278,0.7214,0.5919680188155987,0.4050362567967651,0.1869317635004832,resnet32,0.7199,0.7226,0.5995353304950352,0.40825661828487436,0.1912787121466615,13500000.0,5000.0,54010000.0,10531950000.0,84255600000.0
resnet32x8_cifar100_K8_mwmd3_seed0001_d001,d001,resnet32:8,cifar100,8,matched,mwmd3,peers,1,200,64,0.1,0.9,0.0005,True,0,60,0.1,1.0,3,,disagreement,1.0,1,0.0,0.5,weight,complete,0.0,0.0,42,0,45000,5000,10000,3760032,195,0.00010000000000000003,3,122.95,0.7206,0.0037456641600655985,0.7168,0.7282,0.7638,0.043200000000000016,0.720075,0.7602,0.22467857142857137,0.6521887146154473,0.2275642857142857,0.6521296347047543,0.7206,resnet32,0.7168,0.7234,0.6044572843238711,0.41160627333870664,0.19285101095341484,resnet32,0.7197,0.7264,0.5991940435276113,0.407643428305164,0.19155061456628822,resnet32,0.7168,0.7168,0.6095999674024907,0.41602484896694397,0.19357511877420952,resnet32,0.7228,0.7192,0.5762080192481253,0.38831583833829925,0.1878921807299114,resnet32,0.7169,0.7184,0.6044110649434681,0.4109260227996856,0.19348504235544664,resnet32,0.7231,0.7142,0.5838225106708705,0.39689833884635434,0.18692417262884026,resnet32,0.7282,0.7208,0.5886296928352253,0.4020896728192879,0.1865400187036192,resnet32,0.7205,0.7214,0.5968552791428837,0.4057774886658246,0.19107778975740075,13500000.0,5000.0,54010000.0,10585960000.0,84687680000.0
resnet32x8_cifar100_K8_mwmd3_seed0001_d001,d001,resnet32:8,cifar100,8,matched,mwmd3,peers,1,200,64,0.1,0.9,0.0005,True,0,60,0.1,1.0,3,,disagreement,1.0,1,0.0,0.5,weight,complete,0.0,0.0,42,0,45000,5000,10000,3760032,196,0.00010000000000000003,3,122.4,0.7218374999999999,0.0036475805337236877,0.715,0.7283,0.7626,0.040762500000000035,0.7232,0.7614,0.22243571428571432,0.6536048236675126,0.22474999999999998,0.6541727028634937,0.7218374999999999,resnet32,0.7207,0.7274,0.6060859333639118,0.4131926776714284,0.19289325512098995,resnet32,0.7237,0.726,0.5970111618411135,0.4056663174520839,0.19134484357412226,resnet32,0.7188,0.7204,0.6096543115987019,0.4166388244749131,0.19301548730370335,resnet32,0.7237,0.7222,0.5795212896456096,0.39155175431038847,0.18796953543047,resnet32,0.715,0.7214,0.599862223660404,0.40846805153837934,0.1913941717621955,resnet32,0.7225,0.7196,0.5816218686628748,0.39317864596589724,0.18844322174448858,resnet32,0.7283,0.7232,0.5907986028627916,0.40255558073774655,0.1882430211831392,resnet32,0.722,0.7254,0.5960157354870304,0.4062444621231407,0.18977127332155677,13500000.0,5000.0,54010000.0,10639970000.0,85119760000.0
resnet32x8_cifar100_K8_mwmd3_seed0001_d001,d001,resnet32:8,cifar100,8,matched,mwmd3,peers,1,200,64,0.1,0.9,0.0005,True,0,60,0.1,1.0,3,,disagreement,1.0,1,0.0,0.5,weight,complete,0.0,0.0,42,0,45000,5000,10000,3760032,197,0.00010000000000000003,3,122.34,0.72125,0.0038642593080692707,0.7148,0.7277,0.7628,0.04155000000000009,0.720575,0.76,0.2247714285714286,0.6527185231395242,0.22491428571428576,0.6559225097895666,0.72125,resnet32,0.7197,0.7214,0.6024427351711149,0.41102367954921315,0.19141905610872942,resnet32,0.7218,0.7254,0.5948041917925532,0.4028030522802675,0.1920011397239498,resnet32,0.7166,0.7148,0.6074125904335894,0.41394170246679673,0.19347088862295178,resnet32,0.7239,0.7216,0.575338162439452,0.3875060540793294,0.18783210833895614,resnet32,0.7148,0.719,0.5998438374478031,0.4073676180560142,0.19247621962461958,resnet32,0.7223,0.7188,0.5826603196222674,0.3946693447333845,0.18799097568262368,resnet32,0.7277,0.7236,0.5876649338328703,0.4006755759262226,0.18698935773731631,resnet32,0.7232,0.72,0.60113510790027,0.4054462580560622,0.19568884973837572,13500000.0,5000.0,54010000.0,10693980000.0,85551840000.0
resnet32x8_cifar100_K8_mwmd3_seed0001_d001,d001,resnet32:8,cifar100,8,matched,mwmd3,peers,1,200,64,0.1,0.9,0.0005,True,0,60,0.1,1.0,3,,disagreement,1.0,1,0.0,0.5,weight,complete,0.0,0.0,42,0,45000,5000,10000,3760032,198,0.00010000000000000003,3,122.29,0.7201375,0.003575939561849443,0.7157,0.7268,0.7634,0.04326249999999998,0.719175,0.7596,0.22568571428571427,0.6522246468748767,0.2268785714285714,0.6547009902025444,0.7201375,resnet32,0.7157,0.7232,0.5995724307457831,0.4095217823050916,0.19005064854652368,resnet32,0.7193,0.7248,0.5942615149966017,0.4042447962247851,0.19001671849665316,resnet32,0.7175,0.7154,0.6079792261377654,0.41558291449804197,0.1923963117773052,resnet32,0.7229,0.7188,0.5794277523898266,0.3893102083080025,0.19011754326691682,resnet32,0.7158,0.7172,0.6001173155805604,0.4083502071867274,0.1917671081610024,resnet32,0.7213,0.7156,0.5821403063495051,0.3934293406253511,0.1887109658511525,resnet32,0.7268,0.7184,0.5927147368307818,0.39886081019755115,0.19385392565957524,resnet32,0.7218,0.72,0.5932590440762314,0.40566968780264934,0.1875893572895703,13500000.0,5000.0,54010000.0,10747990000.0,85983920000.0
resnet32x8_cifar100_K8_mwmd3_seed0001_d001,d001,resnet32:8,cifar100,8,matched,mwmd3,peers,1,200,64,0.1,0.9,0.0005,True,0,60,0.1,1.0,3,,disagreement,1.0,1,0.0,0.5,weight,complete,0.0,0.0,42,0,45000,5000,10000,3760032,199,0.00010000000000000003,3,122.45,0.7205125,0.003935237445186752,0.7155,0.729,0.7635,0.042987499999999956,0.72195,0.7646,0.2264928571428572,0.6466020770536369,0.22868214285714283,0.6511102998371178,0.7205125,resnet32,0.7182,0.7226,0.6010613379661333,0.410492460899563,0.19056887735231695,resnet32,0.7207,0.7266,0.5994717353870246,0.4046525300311094,0.19481920569457792,resnet32,0.7165,0.7198,0.6061557820490138,0.41230329286984424,0.19385248943316666,resnet32,0.7226,0.7238,0.5789576009423896,0.38762680506757036,0.19133079733530228,resnet32,0.7155,0.7212,0.5975290812043981,0.4085114879575981,0.18901759287638759,resnet32,0.7202,0.716,0.5803916908969934,0.39163582579402084,0.18875586505005645,resnet32,0.729,0.7248,0.5946478552015667,0.40325134835967963,0.19139650702180172,resnet32,0.7214,0.7208,0.5976898842914538,0.40516437750987033,0.19252550741657615,13500000.0,5000.0,54010000.0,10802000000.0,86416000000.0
